----------- Resultados_simulacion/MAIN/0.72/EVOLUCION/BARRACHINA/I_0.txt -----------
N_variable	Media_variable	Err_variable	Log(variable)	Err_variable/Media_variable
1	8.30719138e-01	7.25303791e-03	-1.85463522e-01	8.73103504e-03
2	5.34734559e-01	1.86286317e-02	-6.25984806e-01	3.48371567e-02
3	2.89388459e-01	2.32817271e-02	-1.23998534e+00	8.04514706e-02
4	1.35055783e-01	2.07003180e-02	-2.00206738e+00	1.53272355e-01
5	5.47977341e-02	1.51961855e-02	-2.90410643e+00	2.77314122e-01
6	1.94346955e-02	1.03542221e-02	-3.94069538e+00	5.32769965e-01
7	6.02020544e-03	7.53200247e-03	-5.11263389e+00	1.25112051e+00
8	1.62919762e-03	6.28750487e-03	-6.41966764e+00	3.85926471e+00
9	3.67750240e-04	5.72761087e-03	-7.90810655e+00	1.55747305e+01
10	6.27114600e-05	5.45622132e-03	-9.67696635e+00	8.70051714e+01
11	-1.08521400e-05	4.92077937e-03	nan	-4.53438619e+02

----------- Resultados_simulacion/MAIN/0.72/EVOLUCION/BARRACHINA/I_1.txt -----------
N_variable	Media_variable	Err_variable	Log(variable)	Err_variable/Media_variable
1	8.30782061e-01	7.28153522e-03	-1.85387780e-01	8.76467555e-03
2	5.34873138e-01	1.86446627e-02	-6.25725685e-01	3.48581026e-02
3	2.89510379e-01	2.33058551e-02	-1.23956413e+00	8.05009311e-02
4	1.35142650e-01	2.06543984e-02	-2.00142439e+00	1.52834049e-01
5	5.48361023e-02	1.51345608e-02	-2.90340650e+00	2.75996291e-01
6	1.94199296e-02	1.02967886e-02	-3.94145544e+00	5.30217606e-01
7	6.06406508e-03	7.54666274e-03	-5.10537490e+00	1.24448908e+00
8	1.66745816e-03	6.31423997e-03	-6.39645487e+00	3.78674567e+00
9	4.17003840e-04	5.74953477e-03	-7.78241513e+00	1.37877262e+01
10	8.52093600e-05	5.45445965e-03	-9.37039927e+00	6.40124471e+01
11	3.14702000e-06	4.89206702e-03	-1.26690546e+01	1.55450776e+03

----------- Resultados_simulacion/MAIN/0.72/EVOLUCION/BARRACHINA/I_10.txt -----------
N_variable	Media_variable	Err_variable	Log(variable)	Err_variable/Media_variable
1	8.30665693e-01	7.23094092e-03	-1.85527860e-01	8.70499526e-03
2	5.34529998e-01	1.85557763e-02	-6.26367426e-01	3.47141908e-02
3	2.89095658e-01	2.31702408e-02	-1.24099765e+00	8.01473151e-02
4	1.34793800e-01	2.05661300e-02	-2.00400908e+00	1.52574748e-01
5	5.46799824e-02	1.50622708e-02	-2.90625759e+00	2.75462246e-01
6	1.93104280e-02	1.02707840e-02	-3.94711002e+00	5.31877592e-01
7	5.95601266e-03	7.51837371e-03	-5.12335404e+00	1.26231661e+00
8	1.64834214e-03	6.28625297e-03	-6.40798526e+00	3.81368213e+00
9	3.73597760e-04	5.73397775e-03	-7.89233085e+00	1.53479982e+01
10	1.15264980e-04	5.45814258e-03	-9.06827691e+00	4.73529999e+01
11	5.84182000e-06	4.90193482e-03	-1.20504682e+01	8.39110897e+02

----------- Resultados_simulacion/MAIN/0.72/EVOLUCION/BARRACHINA/I_11.txt -----------
N_variable	Media_variable	Err_variable	Log(variable)	Err_variable/Media_variable
1	8.30765370e-01	7.27388521e-03	-1.85407871e-01	8.75564326e-03
2	5.34846828e-01	1.86485840e-02	-6.25774875e-01	3.48671490e-02
3	2.89479764e-01	2.32991695e-02	-1.23966988e+00	8.04863496e-02
4	1.35107395e-01	2.07459188e-02	-2.00168530e+00	1.53551320e-01
5	5.48406301e-02	1.51787858e-02	-2.90332393e+00	2.76779930e-01
6	1.94279227e-02	1.03553602e-02	-3.94104393e+00	5.33014280e-01
7	6.03009358e-03	7.53530986e-03	-5.11099275e+00	1.24961740e+00
8	1.62167208e-03	6.32043667e-03	-6.42429751e+00	3.89748134e+00
9	3.85543260e-04	5.79013187e-03	-7.86085715e+00	1.50181120e+01
10	7.87760200e-05	5.44488924e-03	-9.44890192e+00	6.91186130e+01
11	-1.67517200e-05	4.91044469e-03	nan	-2.93130776e+02

----------- Resultados_simulacion/MAIN/0.72/EVOLUCION/BARRACHINA/I_12.txt -----------
N_variable	Media_variable	Err_variable	Log(variable)	Err_variable/Media_variable
1	8.30717991e-01	7.31544890e-03	-1.85464902e-01	8.80617607e-03
2	5.34711485e-01	1.87861957e-02	-6.26027957e-01	3.51333312e-02
3	2.89308211e-01	2.34964775e-02	-1.24026268e+00	8.12160755e-02
4	1.34934715e-01	2.09045109e-02	-2.00296421e+00	1.54923148e-01
5	5.47223234e-02	1.53011277e-02	-2.90548355e+00	2.79614000e-01
6	1.93759943e-02	1.03774833e-02	-3.94372038e+00	5.35584556e-01
7	6.03608890e-03	7.52438997e-03	-5.10999901e+00	1.24656712e+00
8	1.61880542e-03	6.30869889e-03	-6.42606680e+00	3.89713230e+00
9	4.03815560e-04	5.74950513e-03	-7.81455232e+00	1.42379485e+01
10	1.10079200e-04	5.45477051e-03	-9.11431045e+00	4.95531446e+01
11	-5.11076000e-06	4.90043528e-03	nan	-9.58846685e+02

----------- Resultados_simulacion/MAIN/0.72/EVOLUCION/BARRACHINA/I_13.txt -----------
N_variable	Media_variable	Err_variable	Log(variable)	Err_variable/Media_variable
1	8.30753619e-01	7.29049223e-03	-1.85422016e-01	8.77575742e-03
2	5.34773358e-01	1.87360010e-02	-6.25912252e-01	3.50354046e-02
3	2.89411957e-01	2.33685495e-02	-1.23990415e+00	8.07449344e-02
4	1.35110752e-01	2.07640736e-02	-2.00166045e+00	1.53681874e-01
5	5.48382199e-02	1.51972323e-02	-2.90336788e+00	2.77128476e-01
6	1.93967674e-02	1.03278802e-02	-3.94264885e+00	5.32453681e-01
7	5.97987014e-03	7.57508606e-03	-5.11935643e+00	1.26676431e+00
8	1.65844042e-03	6.32006053e-03	-6.40187762e+00	3.81084569e+00
9	3.66404560e-04	5.75912158e-03	-7.91177248e+00	1.57179310e+01
10	7.40850400e-05	5.43330805e-03	-9.51029694e+00	7.33388016e+01
11	-3.58954000e-06	4.93178060e-03	nan	-1.37393109e+03

----------- Resultados_simulacion/MAIN/0.72/EVOLUCION/BARRACHINA/I_14.txt -----------
N_variable	Media_variable	Err_variable	Log(variable)	Err_variable/Media_variable
1	8.30776658e-01	7.28717049e-03	-1.85394284e-01	8.77151570e-03
2	5.34862030e-01	1.86865220e-02	-6.25746453e-01	3.49370884e-02
3	2.89546453e-01	2.33265440e-02	-1.23943954e+00	8.05623546e-02
4	1.35182691e-01	2.07470650e-02	-2.00112815e+00	1.53474271e-01
5	5.48564267e-02	1.51715936e-02	-2.90303593e+00	2.76569119e-01
6	1.94268070e-02	1.03840139e-02	-3.94110136e+00	5.34519847e-01
7	6.03927024e-03	7.58563615e-03	-5.10947210e+00	1.25605178e+00
8	1.64879810e-03	6.29817252e-03	-6.40770868e+00	3.81985673e+00
9	3.51087380e-04	5.74652101e-03	-7.95447542e+00	1.63677800e+01
10	2.73791000e-05	5.44249804e-03	-1.05057306e+01	1.98782942e+02
11	4.39110000e-06	4.89686917e-03	-1.23359308e+01	1.11518052e+03

----------- Resultados_simulacion/MAIN/0.72/EVOLUCION/BARRACHINA/I_15.txt -----------
N_variable	Media_variable	Err_variable	Log(variable)	Err_variable/Media_variable
1	8.30677420e-01	7.30735790e-03	-1.85513742e-01	8.79686593e-03
2	5.34605882e-01	1.87545354e-02	-6.26225472e-01	3.50810495e-02
3	2.89166682e-01	2.34048047e-02	-1.24075200e+00	8.09388017e-02
4	1.34833670e-01	2.07840108e-02	-2.00371334e+00	1.54145555e-01
5	5.46479055e-02	1.52074949e-02	-2.90684439e+00	2.78281386e-01
6	1.93635074e-02	1.03452515e-02	-3.94436505e+00	5.34265373e-01
7	6.01712624e-03	7.52844019e-03	-5.11314550e+00	1.25116873e+00
8	1.69425820e-03	6.33238846e-03	-6.38051027e+00	3.73755810e+00
9	4.25012060e-04	5.72148174e-03	-7.76339301e+00	1.34619280e+01
10	6.12267200e-05	5.44487716e-03	-9.70092686e+00	8.89297542e+01
11	2.07893200e-05	4.89929329e-03	-1.07810712e+01	2.35663951e+02

----------- Resultados_simulacion/MAIN/0.72/EVOLUCION/BARRACHINA/I_16.txt -----------
N_variable	Media_variable	Err_variable	Log(variable)	Err_variable/Media_variable
1	8.30736151e-01	7.29275375e-03	-1.85443043e-01	8.77866425e-03
2	5.34725495e-01	1.87023667e-02	-6.26001757e-01	3.49756404e-02
3	2.89306671e-01	2.33794808e-02	-1.24026801e+00	8.08121039e-02
4	1.34987454e-01	2.07226277e-02	-2.00257344e+00	1.53515212e-01
5	5.47462810e-02	1.51255822e-02	-2.90504584e+00	2.76285109e-01
6	1.93740509e-02	1.02630170e-02	-3.94382069e+00	5.29730051e-01
7	5.97702178e-03	7.50221288e-03	-5.11983287e+00	1.25517576e+00
8	1.57485772e-03	6.29193060e-03	-6.45359035e+00	3.99523748e+00
9	3.82699580e-04	5.71556667e-03	-7.86826026e+00	1.49348653e+01
10	7.81032600e-05	5.42691763e-03	-9.45747876e+00	6.94838811e+01
11	6.24000000e-07	4.90567063e-03	-1.42871155e+01	7.86165165e+03

----------- Resultados_simulacion/MAIN/0.72/EVOLUCION/BARRACHINA/I_17.txt -----------
N_variable	Media_variable	Err_variable	Log(variable)	Err_variable/Media_variable
1	8.30719173e-01	7.29484705e-03	-1.85463480e-01	8.78136353e-03
2	5.34708469e-01	1.87171385e-02	-6.26033598e-01	3.50043802e-02
3	2.89277191e-01	2.33542116e-02	-1.24036991e+00	8.07329866e-02
4	1.34924057e-01	2.07683167e-02	-2.00304320e+00	1.53925973e-01
5	5.46942246e-02	1.51761434e-02	-2.90599716e+00	2.77472503e-01
6	1.93056583e-02	1.03892314e-02	-3.94735705e+00	5.38144372e-01
7	5.94314024e-03	7.53664668e-03	-5.12551763e+00	1.26812533e+00
8	1.64500310e-03	6.28596995e-03	-6.41001301e+00	3.82125112e+00
9	4.04543540e-04	5.72847663e-03	-7.81275119e+00	1.41603463e+01
10	1.35534360e-04	5.42756435e-03	-8.90628537e+00	4.00456707e+01
11	-3.56140000e-07	4.89769258e-03	nan	-1.37521553e+04

----------- Resultados_simulacion/MAIN/0.72/EVOLUCION/BARRACHINA/I_18.txt -----------
N_variable	Media_variable	Err_variable	Log(variable)	Err_variable/Media_variable
1	8.30684095e-01	7.26398165e-03	-1.85505707e-01	8.74457775e-03
2	5.34579756e-01	1.86295825e-02	-6.26274344e-01	3.48490235e-02
3	2.89144825e-01	2.32764452e-02	-1.24082759e+00	8.05009917e-02
4	1.34800509e-01	2.07367030e-02	-2.00395930e+00	1.53832527e-01
5	5.46186864e-02	1.51851444e-02	-2.90737921e+00	2.78021048e-01
6	1.92594333e-02	1.03291633e-02	-3.94975429e+00	5.36317091e-01
7	5.92161972e-03	7.55376486e-03	-5.12914527e+00	1.27562478e+00
8	1.59799282e-03	6.30594643e-03	-6.43900692e+00	3.94616694e+00
9	4.05368500e-04	5.71909702e-03	-7.81071403e+00	1.41083903e+01
10	1.27406380e-04	5.45529372e-03	-8.96812874e+00	4.28180576e+01
11	-1.30545200e-05	4.92283486e-03	nan	-3.77098113e+02

----------- Resultados_simulacion/MAIN/0.72/EVOLUCION/BARRACHINA/I_19.txt -----------
N_variable	Media_variable	Err_variable	Log(variable)	Err_variable/Media_variable
1	8.30729670e-01	7.25668174e-03	-1.85450843e-01	8.73531065e-03
2	5.34716383e-01	1.86504144e-02	-6.26018798e-01	3.48790779e-02
3	2.89327792e-01	2.32922938e-02	-1.24019501e+00	8.05048616e-02
4	1.35047768e-01	2.06827406e-02	-2.00212672e+00	1.53151295e-01
5	5.48138563e-02	1.51751826e-02	-2.90381226e+00	2.76849389e-01
6	1.94100439e-02	1.03543230e-02	-3.94196462e+00	5.33451807e-01
7	6.01303014e-03	7.52698520e-03	-5.11382647e+00	1.25177906e+00
8	1.61200974e-03	6.29813911e-03	-6.43027359e+00	3.90701058e+00
9	3.90651280e-04	5.74889215e-03	-7.84769526e+00	1.47161738e+01
10	7.75964400e-05	5.48073519e-03	-9.46398901e+00	7.06312712e+01
11	7.47476000e-06	4.91608881e-03	-1.18039785e+01	6.57691860e+02

----------- Resultados_simulacion/MAIN/0.72/EVOLUCION/BARRACHINA/I_2.txt -----------
N_variable	Media_variable	Err_variable	Log(variable)	Err_variable/Media_variable
1	8.30809346e-01	7.33491051e-03	-1.85354938e-01	8.82863264e-03
2	5.34946982e-01	1.88165272e-02	-6.25587636e-01	3.51745646e-02
3	2.89596107e-01	2.34801398e-02	-1.23926806e+00	8.10789209e-02
4	1.35147332e-01	2.08508000e-02	-2.00138975e+00	1.54281995e-01
5	5.48740218e-02	1.52475087e-02	-2.90271523e+00	2.77863882e-01
6	1.94190058e-02	1.03832167e-02	-3.94150301e+00	5.34693528e-01
7	6.00346440e-03	7.54830740e-03	-5.11541858e+00	1.25732525e+00
8	1.65928572e-03	6.31595176e-03	-6.40136806e+00	3.80642808e+00
9	3.81323580e-04	5.75264363e-03	-7.87186225e+00	1.50859898e+01
10	1.01736640e-04	5.42278266e-03	-9.19312304e+00	5.33021600e+01
11	3.74578000e-05	4.87764454e-03	-1.01922956e+01	1.30217059e+02

----------- Resultados_simulacion/MAIN/0.72/EVOLUCION/BARRACHINA/I_3.txt -----------
N_variable	Media_variable	Err_variable	Log(variable)	Err_variable/Media_variable
1	8.30711836e-01	7.26144203e-03	-1.85472311e-01	8.74122856e-03
2	5.34672405e-01	1.86682474e-02	-6.26101046e-01	3.49152999e-02
3	2.89281236e-01	2.33517586e-02	-1.24035593e+00	8.07233783e-02
4	1.34899436e-01	2.07350840e-02	-2.00322570e+00	1.53707715e-01
5	5.46906788e-02	1.51269163e-02	-2.90606199e+00	2.76590392e-01
6	1.93409190e-02	1.02954490e-02	-3.94553227e+00	5.32314365e-01
7	5.96098396e-03	7.54216748e-03	-5.12251972e+00	1.26525546e+00
8	1.59568730e-03	6.26998134e-03	-6.44045073e+00	3.92932960e+00
9	3.74979820e-04	5.73833572e-03	-7.88863835e+00	1.53030521e+01
10	7.65177200e-05	5.47421112e-03	-9.47798821e+00	7.15417438e+01
11	1.59199800e-05	4.90275505e-03	-1.10479356e+01	3.07962387e+02

----------- Resultados_simulacion/MAIN/0.72/EVOLUCION/BARRACHINA/I_4.txt -----------
N_variable	Media_variable	Err_variable	Log(variable)	Err_variable/Media_variable
1	8.30737076e-01	7.28460329e-03	-1.85441929e-01	8.76884336e-03
2	5.34788596e-01	1.86565551e-02	-6.25883758e-01	3.48858508e-02
3	2.89429967e-01	2.32941329e-02	-1.23984192e+00	8.04827957e-02
4	1.35030607e-01	2.06881574e-02	-2.00225381e+00	1.53210875e-01
5	5.47765103e-02	1.51476637e-02	-2.90449382e+00	2.76535755e-01
6	1.93919846e-02	1.03251834e-02	-3.94289546e+00	5.32445936e-01
7	5.93917314e-03	7.56867352e-03	-5.12618536e+00	1.27436486e+00
8	1.62331068e-03	6.29054283e-03	-6.42328759e+00	3.87513180e+00
9	4.54095920e-04	5.78738087e-03	-7.69720210e+00	1.27448422e+01
10	9.66261400e-05	5.46328489e-03	-9.24466125e+00	5.65404444e+01
11	3.87105400e-05	4.90701565e-03	-1.01593986e+01	1.26761746e+02

----------- Resultados_simulacion/MAIN/0.72/EVOLUCION/BARRACHINA/I_5.txt -----------
N_variable	Media_variable	Err_variable	Log(variable)	Err_variable/Media_variable
1	8.30721668e-01	7.27715735e-03	-1.85460477e-01	8.76004278e-03
2	5.34715658e-01	1.86574248e-02	-6.26020154e-01	3.48922357e-02
3	2.89338739e-01	2.32882574e-02	-1.24015717e+00	8.04878652e-02
4	1.34968937e-01	2.06576201e-02	-2.00271063e+00	1.53054626e-01
5	5.47040493e-02	1.51246636e-02	-2.90581754e+00	2.76481610e-01
6	1.93342987e-02	1.03052682e-02	-3.94587462e+00	5.33004499e-01
7	5.99370874e-03	7.51460282e-03	-5.11704490e+00	1.25374841e+00
8	1.58529798e-03	6.31276146e-03	-6.44698289e+00	3.98206617e+00
9	3.62966180e-04	5.77048429e-03	-7.92120090e+00	1.58981321e+01
10	6.63219000e-05	5.47655816e-03	-9.62099040e+00	8.25754112e+01
11	-7.82266000e-06	4.92833971e-03	nan	-6.30008170e+02

----------- Resultados_simulacion/MAIN/0.72/EVOLUCION/BARRACHINA/I_6.txt -----------
N_variable	Media_variable	Err_variable	Log(variable)	Err_variable/Media_variable
1	8.30760436e-01	7.27900489e-03	-1.85413809e-01	8.76185790e-03
2	5.34829954e-01	1.86853372e-02	-6.25806426e-01	3.49369683e-02
3	2.89500692e-01	2.33687465e-02	-1.23959759e+00	8.07208658e-02
4	1.35154169e-01	2.08041374e-02	-2.00133916e+00	1.53928936e-01
5	5.48406804e-02	1.52142049e-02	-2.90332302e+00	2.77425531e-01
6	1.93858236e-02	1.03297760e-02	-3.94321322e+00	5.32852061e-01
7	5.99888070e-03	7.55415043e-03	-5.11618238e+00	1.25925999e+00
8	1.63829158e-03	6.31341809e-03	-6.41410130e+00	3.85365961e+00
9	4.17717900e-04	5.73099233e-03	-7.78070423e+00	1.37197672e+01
10	1.44742480e-04	5.49103742e-03	-8.84055439e+00	3.79365990e+01
11	-1.60132800e-05	4.91510775e-03	nan	-3.06939474e+02

----------- Resultados_simulacion/MAIN/0.72/EVOLUCION/BARRACHINA/I_7.txt -----------
N_variable	Media_variable	Err_variable	Log(variable)	Err_variable/Media_variable
1	8.30796139e-01	7.28446851e-03	-1.85370834e-01	8.76805773e-03
2	5.34869519e-01	1.87267886e-02	-6.25732451e-01	3.50118821e-02
3	2.89471049e-01	2.34625913e-02	-1.23969999e+00	8.10533260e-02
4	1.35116514e-01	2.08815176e-02	-2.00161780e+00	1.54544526e-01
5	5.48786907e-02	1.52831342e-02	-2.90263015e+00	2.78489410e-01
6	1.94934601e-02	1.04107192e-02	-3.93767625e+00	5.34062151e-01
7	6.07390836e-03	7.60971297e-03	-5.10375300e+00	1.25285278e+00
8	1.66613470e-03	6.32740231e-03	-6.39724889e+00	3.79765352e+00
9	4.20254860e-04	5.74479342e-03	-7.77464922e+00	1.36697846e+01
10	9.40098200e-05	5.46253550e-03	-9.27211131e+00	5.81060096e+01
11	-1.58864200e-05	4.91060954e-03	nan	-3.09107372e+02

----------- Resultados_simulacion/MAIN/0.72/EVOLUCION/BARRACHINA/I_8.txt -----------
N_variable	Media_variable	Err_variable	Log(variable)	Err_variable/Media_variable
1	8.30696528e-01	7.32468965e-03	-1.85490740e-01	8.81752771e-03
2	5.34647215e-01	1.87876279e-02	-6.26148161e-01	3.51402334e-02
3	2.89252575e-01	2.34579958e-02	-1.24045501e+00	8.10986583e-02
4	1.34905428e-01	2.08262605e-02	-2.00318128e+00	1.54376743e-01
5	5.47307982e-02	1.51956217e-02	-2.90532869e+00	2.77642975e-01
6	1.93507544e-02	1.03506509e-02	-3.94502387e+00	5.34896503e-01
7	5.95860702e-03	7.58450667e-03	-5.12291855e+00	1.27286573e+00
8	1.61034926e-03	6.33503978e-03	-6.43130419e+00	3.93395392e+00
9	3.80557860e-04	5.74603545e-03	-7.87387233e+00	1.50989798e+01
10	5.32166200e-05	5.43512005e-03	-9.84113980e+00	1.02132004e+02
11	7.48130000e-06	4.88969124e-03	-1.18031040e+01	6.53588446e+02

----------- Resultados_simulacion/MAIN/0.72/EVOLUCION/BARRACHINA/I_9.txt -----------
N_variable	Media_variable	Err_variable	Log(variable)	Err_variable/Media_variable
1	8.30681846e-01	7.30466425e-03	-1.85508414e-01	8.79357636e-03
2	5.34618918e-01	1.87622246e-02	-6.26201088e-01	3.50945766e-02
3	2.89160603e-01	2.34568998e-02	-1.24077303e+00	8.11206629e-02
4	1.34843568e-01	2.08974663e-02	-2.00363993e+00	1.54975626e-01
5	5.46816377e-02	1.52365880e-02	-2.90622732e+00	2.78641764e-01
6	1.92701403e-02	1.03606877e-02	-3.94919851e+00	5.37655019e-01
7	5.89941672e-03	7.56991949e-03	-5.13290179e+00	1.28316406e+00
8	1.62105298e-03	6.29016050e-03	-6.42467935e+00	3.88029298e+00
9	4.03099400e-04	5.77403751e-03	-7.81632738e+00	1.43241035e+01
10	6.54724000e-05	5.47514059e-03	-9.63388188e+00	8.36251701e+01
11	2.27484600e-05	4.89768559e-03	-1.06910131e+01	2.15297457e+02

----------- Resultados_simulacion/MAIN/0.72/EVOLUCION/JOEL/I_0.txt -----------
N_variable	Media_variable	Err_variable	Log(variable)	Err_variable/Media_variable
1	8.30743922e-01	7.27086219e-03	-1.85433688e-01	8.75223037e-03
2	5.34766416e-01	1.86447068e-02	-6.25925234e-01	3.48651416e-02
3	2.89403329e-01	2.32727039e-02	-1.23993396e+00	8.04161583e-02
4	1.35053923e-01	2.07099364e-02	-2.00208115e+00	1.53345686e-01
5	5.48105019e-02	1.51827374e-02	-2.90387346e+00	2.77004167e-01
6	1.93521882e-02	1.03673146e-02	-3.94494978e+00	5.35717952e-01
7	5.96152534e-03	7.58740819e-03	-5.12242890e+00	1.27272934e+00
8	1.64029804e-03	6.30556378e-03	-6.41287732e+00	3.84415736e+00
9	3.68095620e-04	5.72860270e-03	-7.90716782e+00	1.55628114e+01
10	6.56700000e-06	5.45736468e-03	-1.19334535e+01	8.31028579e+02
11	1.31276400e-05	4.91479574e-03	-1.12407906e+01	3.74385323e+02

----------- Resultados_simulacion/MAIN/0.72/EVOLUCION/JOEL/I_1.txt -----------
N_variable	Media_variable	Err_variable	Log(variable)	Err_variable/Media_variable
1	8.30695034e-01	7.23606798e-03	-1.85492538e-01	8.71085980e-03
2	5.34646157e-01	1.85902914e-02	-6.26150140e-01	3.47712055e-02
3	2.89200401e-01	2.32325926e-02	-1.24063540e+00	8.03338878e-02
4	1.34906796e-01	2.06378048e-02	-2.00317114e+00	1.52978245e-01
5	5.47330692e-02	1.50913355e-02	-2.90528720e+00	2.75726096e-01
6	1.93630452e-02	1.02849874e-02	-3.94438892e+00	5.31165801e-01
7	5.95344266e-03	7.51417768e-03	-5.12378563e+00	1.26215672e+00
8	1.60832776e-03	6.29532966e-03	-6.43256030e+00	3.91420817e+00
9	3.65958940e-04	5.75286371e-03	-7.91298942e+00	1.57199704e+01
10	7.99386800e-05	5.49131232e-03	-9.43425072e+00	6.86940580e+01
11	-2.02461400e-05	4.92440029e-03	nan	-2.43226624e+02

----------- Resultados_simulacion/MAIN/0.72/EVOLUCION/JOEL/I_10.txt -----------
N_variable	Media_variable	Err_variable	Log(variable)	Err_variable/Media_variable
1	8.30724707e-01	7.27637308e-03	-1.85456819e-01	8.75906666e-03
2	5.34689666e-01	1.86976989e-02	-6.26068763e-01	3.49692543e-02
3	2.89273643e-01	2.33421172e-02	-1.24038218e+00	8.06921673e-02
4	1.34946483e-01	2.07266235e-02	-2.00287700e+00	1.53591432e-01
5	5.47418656e-02	1.51728926e-02	-2.90512650e+00	2.77171639e-01
6	1.93922211e-02	1.03163234e-02	-3.94288327e+00	5.31982561e-01
7	5.99833142e-03	7.53917607e-03	-5.11627395e+00	1.25687888e+00
8	1.65933088e-03	6.30092343e-03	-6.40134084e+00	3.79726762e+00
9	3.53118400e-04	5.73371172e-03	-7.94870715e+00	1.62373632e+01
10	4.81157200e-05	5.46117071e-03	-9.94190162e+00	1.13500758e+02
11	-1.28446600e-05	4.89871770e-03	nan	-3.81381656e+02

----------- Resultados_simulacion/MAIN/0.72/EVOLUCION/JOEL/I_11.txt -----------
N_variable	Media_variable	Err_variable	Log(variable)	Err_variable/Media_variable
1	8.30656446e-01	7.30369083e-03	-1.85538992e-01	8.79267339e-03
2	5.34523939e-01	1.87285882e-02	-6.26378762e-01	3.50378847e-02
3	2.89097949e-01	2.34305180e-02	-1.24098972e+00	8.10469881e-02
4	1.34746904e-01	2.08578962e-02	-2.00435704e+00	1.54793138e-01
5	5.46229459e-02	1.53158327e-02	-2.90730123e+00	2.80391920e-01
6	1.93374695e-02	1.04296411e-02	-3.94571064e+00	5.39348807e-01
7	6.00278134e-03	7.56200625e-03	-5.11553236e+00	1.25975041e+00
8	1.64655592e-03	6.30545869e-03	-6.40906949e+00	3.82948348e+00
9	4.11288620e-04	5.74612659e-03	-7.79621535e+00	1.39710323e+01
10	1.10155880e-04	5.45404312e-03	-9.11361410e+00	4.95120471e+01
11	1.61201800e-05	4.87664802e-03	-1.10354387e+01	3.02518211e+02

----------- Resultados_simulacion/MAIN/0.72/EVOLUCION/JOEL/I_12.txt -----------
N_variable	Media_variable	Err_variable	Log(variable)	Err_variable/Media_variable
1	8.30680549e-01	7.29143205e-03	-1.85509976e-01	8.77766075e-03
2	5.34566569e-01	1.86787595e-02	-6.26299011e-01	3.49418773e-02
3	2.89127891e-01	2.33201057e-02	-1.24088616e+00	8.06567145e-02
4	1.34811056e-01	2.07337622e-02	-2.00388107e+00	1.53798678e-01
5	5.46155817e-02	1.51580204e-02	-2.90743606e+00	2.77540217e-01
6	1.93054351e-02	1.02948264e-02	-3.94736861e+00	5.33260519e-01
7	5.96042882e-03	7.54860094e-03	-5.12261285e+00	1.26645266e+00
8	1.67762516e-03	6.29024483e-03	-6.39037608e+00	3.74949362e+00
9	4.27011440e-04	5.72676934e-03	-7.75869975e+00	1.34112785e+01
10	6.76544400e-05	5.44545390e-03	-9.60109757e+00	8.04892317e+01
11	9.43400000e-08	4.91780907e-03	-1.61763606e+01	5.21285676e+04

----------- Resultados_simulacion/MAIN/0.72/EVOLUCION/JOEL/I_13.txt -----------
N_variable	Media_variable	Err_variable	Log(variable)	Err_variable/Media_variable
1	8.30741529e-01	7.27338283e-03	-1.85436569e-01	8.75528979e-03
2	5.34766792e-01	1.86850556e-02	-6.25924531e-01	3.49405683e-02
3	2.89339753e-01	2.33420348e-02	-1.24015366e+00	8.06734456e-02
4	1.34939338e-01	2.07533194e-02	-2.00292995e+00	1.53797400e-01
5	5.47380282e-02	1.51711164e-02	-2.90519660e+00	2.77158621e-01
6	1.93630162e-02	1.03173507e-02	-3.94439041e+00	5.32837993e-01
7	6.01289360e-03	7.52630916e-03	-5.11384918e+00	1.25169505e+00
8	1.70869308e-03	6.29635842e-03	-6.37202648e+00	3.68489724e+00
9	3.74395020e-04	5.76695304e-03	-7.89019911e+00	1.54033914e+01
10	7.97790600e-05	5.44285641e-03	-9.43624949e+00	6.82241231e+01
11	1.13669800e-05	4.92953373e-03	-1.13847979e+01	4.33671365e+02

----------- Resultados_simulacion/MAIN/0.72/EVOLUCION/JOEL/I_14.txt -----------
N_variable	Media_variable	Err_variable	Log(variable)	Err_variable/Media_variable
1	8.30650054e-01	7.28775519e-03	-1.85546687e-01	8.77355651e-03
2	5.34586862e-01	1.86925378e-02	-6.26261052e-01	3.49663248e-02
3	2.89226268e-01	2.33386423e-02	-1.24054596e+00	8.06933701e-02
4	1.34910091e-01	2.07204433e-02	-2.00314672e+00	1.53587053e-01
5	5.47214724e-02	1.52066075e-02	-2.90549910e+00	2.77891052e-01
6	1.93772453e-02	1.03583914e-02	-3.94365582e+00	5.34564702e-01
7	5.96862852e-03	7.56949115e-03	-5.12123811e+00	1.26821281e+00
8	1.56639158e-03	6.29500771e-03	-6.45898066e+00	4.01879568e+00
9	3.82372080e-04	5.73461618e-03	-7.86911639e+00	1.49974762e+01
10	1.01466780e-04	5.48003383e-03	-9.19577910e+00	5.40081574e+01
11	6.63722000e-06	4.89859829e-03	-1.19228174e+01	7.38049710e+02

----------- Resultados_simulacion/MAIN/0.72/EVOLUCION/JOEL/I_15.txt -----------
N_variable	Media_variable	Err_variable	Log(variable)	Err_variable/Media_variable
1	8.30697593e-01	7.28070746e-03	-1.85489457e-01	8.76457031e-03
2	5.34653233e-01	1.87089195e-02	-6.26136905e-01	3.49926240e-02
3	2.89199522e-01	2.33904191e-02	-1.24063844e+00	8.08798676e-02
4	1.34811402e-01	2.08119429e-02	-2.00387850e+00	1.54378209e-01
5	5.46002728e-02	1.52274097e-02	-2.90771640e+00	2.78888894e-01
6	1.92686628e-02	1.03167796e-02	-3.94927519e+00	5.35417518e-01
7	6.02213480e-03	7.58252212e-03	-5.11231346e+00	1.25910867e+00
8	1.58759894e-03	6.31112783e-03	-6.44553250e+00	3.97526584e+00
9	4.10118760e-04	5.78505383e-03	-7.79906378e+00	1.41058015e+01
10	7.98826200e-05	5.47050276e-03	-9.43495225e+00	6.84817643e+01
11	1.66540000e-05	4.91550063e-03	-1.10028601e+01	2.95154355e+02

----------- Resultados_simulacion/MAIN/0.72/EVOLUCION/JOEL/I_2.txt -----------
N_variable	Media_variable	Err_variable	Log(variable)	Err_variable/Media_variable
1	8.30719309e-01	7.30209976e-03	-1.85463316e-01	8.79009273e-03
2	5.34718945e-01	1.86939627e-02	-6.26014007e-01	3.49603523e-02
3	2.89309479e-01	2.33285655e-02	-1.24025830e+00	8.06353304e-02
4	1.34982431e-01	2.06839736e-02	-2.00261065e+00	1.53234561e-01
5	5.47372571e-02	1.51767968e-02	-2.90521068e+00	2.77266300e-01
6	1.93345779e-02	1.03119465e-02	-3.94586019e+00	5.33342210e-01
7	5.97101538e-03	7.55551387e-03	-5.12083829e+00	1.26536500e+00
8	1.61020526e-03	6.30679059e-03	-6.43139362e+00	3.91676188e+00
9	3.71172120e-04	5.75007473e-03	-7.89884467e+00	1.54916666e+01
10	7.70584000e-05	5.44646014e-03	-9.47094698e+00	7.06796421e+01
11	3.70962600e-05	4.89423081e-03	-1.02019944e+01	1.31933268e+02

----------- Resultados_simulacion/MAIN/0.72/EVOLUCION/JOEL/I_3.txt -----------
N_variable	Media_variable	Err_variable	Log(variable)	Err_variable/Media_variable
1	8.30767413e-01	7.31009850e-03	-1.85405411e-01	8.79921189e-03
2	5.34768109e-01	1.87501291e-02	-6.25922066e-01	3.50621676e-02
3	2.89389294e-01	2.34236226e-02	-1.23998246e+00	8.09415659e-02
4	1.35025600e-01	2.07865379e-02	-2.00229089e+00	1.53945162e-01
5	5.48044685e-02	1.51907322e-02	-2.90398355e+00	2.77180540e-01
6	1.94107952e-02	1.03035844e-02	-3.94192592e+00	5.30817225e-01
7	6.00117086e-03	7.54501230e-03	-5.11580069e+00	1.25725671e+00
8	1.62889334e-03	6.30872270e-03	-6.41985443e+00	3.87301154e+00
9	3.79823420e-04	5.73136698e-03	-7.87580410e+00	1.50895566e+01
10	4.01358800e-05	5.44882727e-03	-1.01232399e+01	1.35759507e+02
11	-1.57723600e-05	4.90665649e-03	nan	-3.11092093e+02

----------- Resultados_simulacion/MAIN/0.72/EVOLUCION/JOEL/I_4.txt -----------
N_variable	Media_variable	Err_variable	Log(variable)	Err_variable/Media_variable
1	8.30753013e-01	7.26217661e-03	-1.85422744e-01	8.74167953e-03
2	5.34769626e-01	1.86707638e-02	-6.25919230e-01	3.49136580e-02
3	2.89360115e-01	2.33304789e-02	-1.24008329e+00	8.06278323e-02
4	1.35003409e-01	2.07551384e-02	-2.00245525e+00	1.53737884e-01
5	5.47107814e-02	1.51632928e-02	-2.90569449e+00	2.77153651e-01
6	1.93393814e-02	1.03550646e-02	-3.94561177e+00	5.35439284e-01
7	5.96951016e-03	7.57358319e-03	-5.12109041e+00	1.26871100e+00
8	1.63843632e-03	6.30082543e-03	-6.41401296e+00	3.84563340e+00
9	3.58882500e-04	5.78789503e-03	-7.93251552e+00	1.61275488e+01
10	9.32070000e-05	5.44981753e-03	-9.28068773e+00	5.84700455e+01
11	1.36292200e-05	4.92048679e-03	-1.12032945e+01	3.61024827e+02

----------- Resultados_simulacion/MAIN/0.72/EVOLUCION/JOEL/I_5.txt -----------
N_variable	Media_variable	Err_variable	Log(variable)	Err_variable/Media_variable
1	8.30720226e-01	7.27645111e-03	-1.85462212e-01	8.75920783e-03
2	5.34700798e-01	1.86368941e-02	-6.26047945e-01	3.48548088e-02
3	2.89293044e-01	2.32847324e-02	-1.24031511e+00	8.04883935e-02
4	1.34943524e-01	2.06938115e-02	-2.00289893e+00	1.53351645e-01
5	5.47231037e-02	1.51752096e-02	-2.90546929e+00	2.77309008e-01
6	1.93521677e-02	1.03587062e-02	-3.94495084e+00	5.35273691e-01
7	6.01006822e-03	7.54243977e-03	-5.11431918e+00	1.25496741e+00
8	1.64200188e-03	6.29957952e-03	-6.41183912e+00	3.83652394e+00
9	3.81100500e-04	5.75641890e-03	-7.87244744e+00	1.51047267e+01
10	5.84294800e-05	5.45555418e-03	-9.74769000e+00	9.33698911e+01
11	3.28133600e-05	4.93868588e-03	-1.03246748e+01	1.50508387e+02

----------- Resultados_simulacion/MAIN/0.72/EVOLUCION/JOEL/I_6.txt -----------
N_variable	Media_variable	Err_variable	Log(variable)	Err_variable/Media_variable
1	8.30733349e-01	7.32623641e-03	-1.85446415e-01	8.81899880e-03
2	5.34747870e-01	1.87737057e-02	-6.25959915e-01	3.51075840e-02
3	2.89354553e-01	2.34165314e-02	-1.24010252e+00	8.09267772e-02
4	1.35026901e-01	2.07822585e-02	-2.00228125e+00	1.53911986e-01
5	5.47716803e-02	1.52023509e-02	-2.90458200e+00	2.77558600e-01
6	1.93711709e-02	1.03547669e-02	-3.94396936e+00	5.34545224e-01
7	5.97324334e-03	7.57899576e-03	-5.12046523e+00	1.26882421e+00
8	1.60106318e-03	6.28499425e-03	-6.43708738e+00	3.92551295e+00
9	3.65608260e-04	5.74848541e-03	-7.91394813e+00	1.57230731e+01
10	4.00598000e-05	5.46466094e-03	-1.01251372e+01	1.36412587e+02
11	-5.44494000e-06	4.88968149e-03	nan	-8.98023025e+02

----------- Resultados_simulacion/MAIN/0.72/EVOLUCION/JOEL/I_7.txt -----------
N_variable	Media_variable	Err_variable	Log(variable)	Err_variable/Media_variable
1	8.30728316e-01	7.31074403e-03	-1.85452474e-01	8.80040308e-03
2	5.34693274e-01	1.87576394e-02	-6.26062016e-01	3.50811208e-02
3	2.89293046e-01	2.34052215e-02	-1.24031510e+00	8.09048880e-02
4	1.34918901e-01	2.07832544e-02	-2.00308142e+00	1.54042571e-01
5	5.46896387e-02	1.51918167e-02	-2.90608101e+00	2.77782356e-01
6	1.92742277e-02	1.03072271e-02	-3.94898643e+00	5.34767321e-01
7	6.00235720e-03	7.55276201e-03	-5.11560302e+00	1.25829932e+00
8	1.58760454e-03	6.31528454e-03	-6.44552898e+00	3.97787004e+00
9	3.73251420e-04	5.73954315e-03	-7.89325832e+00	1.53771502e+01
10	6.45948000e-05	5.47679066e-03	-9.64737665e+00	8.47868662e+01
11	6.26774000e-06	4.89892398e-03	-1.19800947e+01	7.81609317e+02

----------- Resultados_simulacion/MAIN/0.72/EVOLUCION/JOEL/I_8.txt -----------
N_variable	Media_variable	Err_variable	Log(variable)	Err_variable/Media_variable
1	8.30751885e-01	7.24787320e-03	-1.85424103e-01	8.72447398e-03
2	5.34811706e-01	1.85812316e-02	-6.25840545e-01	3.47435021e-02
3	2.89429377e-01	2.32560152e-02	-1.23984396e+00	8.03512603e-02
4	1.35026272e-01	2.06717235e-02	-2.00228591e+00	1.53094084e-01
5	5.47913684e-02	1.51242561e-02	-2.90422261e+00	2.76033553e-01
6	1.93801993e-02	1.03120104e-02	-3.94350339e+00	5.32090006e-01
7	5.97679236e-03	7.56649852e-03	-5.11987125e+00	1.26597982e+00
8	1.60322596e-03	6.27370834e-03	-6.43573745e+00	3.91317786e+00
9	3.86387720e-04	5.71517423e-03	-7.85866924e+00	1.47912937e+01
10	7.57176800e-05	5.42474107e-03	-9.48849887e+00	7.16443118e+01
11	-1.35579000e-05	4.87693991e-03	nan	-3.59712043e+02

----------- Resultados_simulacion/MAIN/0.72/EVOLUCION/JOEL/I_9.txt -----------
N_variable	Media_variable	Err_variable	Log(variable)	Err_variable/Media_variable
1	8.30738007e-01	7.29866284e-03	-1.85440809e-01	8.78575770e-03
2	5.34717769e-01	1.87500854e-02	-6.26016206e-01	3.50653867e-02
3	2.89296062e-01	2.33852080e-02	-1.24030468e+00	8.08348648e-02
4	1.35002880e-01	2.07888411e-02	-2.00245916e+00	1.53988130e-01
5	5.47525462e-02	1.52354282e-02	-2.90493141e+00	2.78259721e-01
6	1.93738352e-02	1.03499747e-02	-3.94383183e+00	5.34224361e-01
7	5.98940308e-03	7.55540360e-03	-5.11776352e+00	1.26146187e+00
8	1.64231536e-03	6.25610244e-03	-6.41164823e+00	3.80931859e+00
9	4.20692220e-04	5.73324278e-03	-7.77360906e+00	1.36281170e+01
10	6.88365600e-05	5.45864796e-03	-9.58377556e+00	7.92986745e+01
11	-2.44080600e-05	4.93711902e-03	nan	-2.02274127e+02

----------- Resultados_simulacion/MAIN/0.72/EVOLUCION/JOEL_1/I_0.txt -----------
N_variable	Media_variable	Err_variable	Log(variable)	Err_variable/Media_variable
1	8.30733046e-01	7.24875015e-03	-1.85446779e-01	8.72572745e-03
2	5.34728254e-01	1.86038470e-02	-6.25996597e-01	3.47912176e-02
3	2.89301061e-01	2.32529538e-02	-1.24028740e+00	8.03763171e-02
4	1.34920893e-01	2.06770986e-02	-2.00306665e+00	1.53253497e-01
5	5.47027120e-02	1.51765744e-02	-2.90584199e+00	2.77437331e-01
6	1.93408941e-02	1.03230093e-02	-3.94553356e+00	5.33740026e-01
7	5.97517864e-03	7.50517024e-03	-5.12014128e+00	1.25605788e+00
8	1.64052912e-03	6.29471484e-03	-6.41273646e+00	3.83700281e+00
9	4.22835660e-04	5.71227710e-03	-7.76852697e+00	1.35094498e+01
10	4.96201400e-05	5.46304557e-03	-9.91111376e+00	1.10097343e+02
11	-8.74328000e-06	4.91533381e-03	nan	-5.62184193e+02

----------- Resultados_simulacion/MAIN/0.72/EVOLUCION/JOEL_1/I_1.txt -----------
N_variable	Media_variable	Err_variable	Log(variable)	Err_variable/Media_variable
1	8.30803890e-01	7.25501621e-03	-1.85361505e-01	8.73252557e-03
2	5.34932929e-01	1.86355215e-02	-6.25613906e-01	3.48371179e-02
3	2.89589013e-01	2.32934972e-02	-1.23929256e+00	8.04363983e-02
4	1.35126648e-01	2.07448656e-02	-2.00154280e+00	1.53521647e-01
5	5.48438764e-02	1.52142608e-02	-2.90326474e+00	2.77410383e-01
6	1.94382267e-02	1.03318595e-02	-3.94051370e+00	5.31522741e-01
7	6.03169046e-03	7.51425702e-03	-5.11072797e+00	1.24579619e+00
8	1.62416724e-03	6.31418616e-03	-6.42276006e+00	3.88764532e+00
9	3.34437340e-04	5.75956209e-03	-8.00306102e+00	1.72216478e+01
10	4.86131000e-05	5.49611479e-03	-9.93161752e+00	1.13058307e+02
11	-5.19850400e-05	4.93260688e-03	nan	-9.48851224e+01

----------- Resultados_simulacion/MAIN/0.72/EVOLUCION/JOEL_1/I_10.txt -----------
N_variable	Media_variable	Err_variable	Log(variable)	Err_variable/Media_variable
1	8.30708677e-01	7.28275664e-03	-1.85476115e-01	8.76692016e-03
2	5.34668373e-01	1.86948612e-02	-6.26108587e-01	3.49653395e-02
3	2.89247849e-01	2.33867486e-02	-1.24047135e+00	8.08536650e-02
4	1.34935506e-01	2.07668308e-02	-2.00295835e+00	1.53901900e-01
5	5.47296838e-02	1.51997348e-02	-2.90534905e+00	2.77723783e-01
6	1.93696788e-02	1.03245726e-02	-3.94404639e+00	5.33027559e-01
7	6.03933030e-03	7.54647967e-03	-5.10946215e+00	1.24955571e+00
8	1.59745092e-03	6.29144834e-03	-6.43934610e+00	3.93842982e+00
9	3.75387940e-04	5.74660810e-03	-7.88755056e+00	1.53084516e+01
10	1.38771240e-04	5.45734957e-03	-8.88268374e+00	3.93262291e+01
11	5.02540400e-05	4.91305678e-03	-9.89841962e+00	9.77644142e+01

----------- Resultados_simulacion/MAIN/0.72/EVOLUCION/JOEL_1/I_11.txt -----------
N_variable	Media_variable	Err_variable	Log(variable)	Err_variable/Media_variable
1	8.30737656e-01	7.29778561e-03	-1.85441230e-01	8.78470544e-03
2	5.34776596e-01	1.86967918e-02	-6.25906197e-01	3.49618737e-02
3	2.89416991e-01	2.33525702e-02	-1.23988676e+00	8.06883180e-02
4	1.35044782e-01	2.07623190e-02	-2.00214884e+00	1.53743956e-01
5	5.47673681e-02	1.52146686e-02	-2.90466073e+00	2.77805363e-01
6	1.93710644e-02	1.03849971e-02	-3.94397485e+00	5.36108749e-01
7	6.02395860e-03	7.56796485e-03	-5.11201066e+00	1.25631090e+00
8	1.59661926e-03	6.28866864e-03	-6.43986685e+00	3.93874031e+00
9	3.66193720e-04	5.74346070e-03	-7.91234807e+00	1.56842141e+01
10	1.07489500e-04	5.45833990e-03	-9.13811739e+00	5.07802148e+01
11	2.31396000e-05	4.89061873e-03	-1.06739651e+01	2.11352777e+02

----------- Resultados_simulacion/MAIN/0.72/EVOLUCION/JOEL_1/I_12.txt -----------
N_variable	Media_variable	Err_variable	Log(variable)	Err_variable/Media_variable
1	8.30781209e-01	7.29048078e-03	-1.85388805e-01	8.77545219e-03
2	5.34860347e-01	1.86729667e-02	-6.25749599e-01	3.49118547e-02
3	2.89524869e-01	2.33243442e-02	-1.23951408e+00	8.05607624e-02
4	1.35125446e-01	2.07371763e-02	-2.00155170e+00	1.53466108e-01
5	5.48154901e-02	1.51819859e-02	-2.90378246e+00	2.76965249e-01
6	1.94412300e-02	1.03741074e-02	-3.94035921e+00	5.33613737e-01
7	5.98641506e-03	7.53744611e-03	-5.11826253e+00	1.25909180e+00
8	1.58812640e-03	6.29521131e-03	-6.44520032e+00	3.96392334e+00
9	4.32291840e-04	5.76949217e-03	-7.74640964e+00	1.33462898e+01
10	1.19447180e-04	5.43595944e-03	-9.03263629e+00	4.55093158e+01
11	-1.56375000e-05	4.89112018e-03	nan	-3.12781466e+02

----------- Resultados_simulacion/MAIN/0.72/EVOLUCION/JOEL_1/I_13.txt -----------
N_variable	Media_variable	Err_variable	Log(variable)	Err_variable/Media_variable
1	8.30723689e-01	7.26519985e-03	-1.85458044e-01	8.74562740e-03
2	5.34703826e-01	1.86217668e-02	-6.26042281e-01	3.48263205e-02
3	2.89268897e-01	2.32447012e-02	-1.24039858e+00	8.03567249e-02
4	1.34944268e-01	2.06563781e-02	-2.00289341e+00	1.53073401e-01
5	5.47203140e-02	1.51078800e-02	-2.90552027e+00	2.76092714e-01
6	1.93486596e-02	1.03155032e-02	-3.94513213e+00	5.33137870e-01
7	5.96939294e-03	7.56765349e-03	-5.12111004e+00	1.26774256e+00
8	1.60737778e-03	6.30865957e-03	-6.43315114e+00	3.92481447e+00
9	4.02600820e-04	5.76045671e-03	-7.81756501e+00	1.43081097e+01
10	9.28437600e-05	5.46951849e-03	-9.28459248e+00	5.89109973e+01
11	-1.76966800e-05	4.90616063e-03	nan	-2.77236218e+02

----------- Resultados_simulacion/MAIN/0.72/EVOLUCION/JOEL_1/I_14.txt -----------
N_variable	Media_variable	Err_variable	Log(variable)	Err_variable/Media_variable
1	8.30762824e-01	7.29199181e-03	-1.85410935e-01	8.77746523e-03
2	5.34777932e-01	1.87227636e-02	-6.25903698e-01	3.50103518e-02
3	2.89376193e-01	2.33787455e-02	-1.24002773e+00	8.07901481e-02
4	1.35054109e-01	2.07467199e-02	-2.00207977e+00	1.53617836e-01
5	5.48435413e-02	1.51826214e-02	-2.90327085e+00	2.76835176e-01
6	1.94445387e-02	1.03592535e-02	-3.94018903e+00	5.32759023e-01
7	6.01607430e-03	7.57925389e-03	-5.11332034e+00	1.25983382e+00
8	1.63108086e-03	6.30699515e-03	-6.41851238e+00	3.86675811e+00
9	3.79386940e-04	5.71360666e-03	-7.87695392e+00	1.50601037e+01
10	5.46748600e-05	5.44536631e-03	-9.81410655e+00	9.95954323e+01
11	-2.78917600e-05	4.91581359e-03	nan	-1.76246088e+02

----------- Resultados_simulacion/MAIN/0.72/EVOLUCION/JOEL_1/I_2.txt -----------
N_variable	Media_variable	Err_variable	Log(variable)	Err_variable/Media_variable
1	8.30753269e-01	7.29982093e-03	-1.85422437e-01	8.78699032e-03
2	5.34810794e-01	1.87110405e-02	-6.25842250e-01	3.49862806e-02
3	2.89427077e-01	2.33970791e-02	-1.23985191e+00	8.08392889e-02
4	1.35066981e-01	2.08363324e-02	-2.00198447e+00	1.54266662e-01
5	5.47935279e-02	1.52722836e-02	-2.90418320e+00	2.78724225e-01
6	1.93943878e-02	1.03531819e-02	-3.94277154e+00	5.33823600e-01
7	6.02778254e-03	7.55292858e-03	-5.11137607e+00	1.25301942e+00
8	1.63644810e-03	6.28759105e-03	-6.41522718e+00	3.84221843e+00
9	4.09638800e-04	5.75584218e-03	-7.80023476e+00	1.40510181e+01
10	7.53163400e-05	5.46777284e-03	-9.49381345e+00	7.25974315e+01
11	3.90398000e-06	4.91084713e-03	-1.24535140e+01	1.25790786e+03

----------- Resultados_simulacion/MAIN/0.72/EVOLUCION/JOEL_1/I_3.txt -----------
N_variable	Media_variable	Err_variable	Log(variable)	Err_variable/Media_variable
1	8.30757442e-01	7.23337581e-03	-1.85417414e-01	8.70696480e-03
2	5.34804096e-01	1.85334070e-02	-6.25854774e-01	3.46545718e-02
3	2.89432962e-01	2.31542215e-02	-1.23983157e+00	7.99985644e-02
4	1.35053929e-01	2.05933883e-02	-2.00208111e+00	1.52482704e-01
5	5.47773103e-02	1.51225749e-02	-2.90447922e+00	2.76073703e-01
6	1.93472768e-02	1.02656126e-02	-3.94520360e+00	5.30597287e-01
7	5.98240428e-03	7.58200692e-03	-5.11893274e+00	1.26738458e+00
8	1.60975886e-03	6.28168268e-03	-6.43167089e+00	3.90225072e+00
9	3.61932440e-04	5.74477120e-03	-7.92405299e+00	1.58724960e+01
10	8.53657200e-05	5.46168406e-03	-9.36856594e+00	6.39798277e+01
11	-3.58146000e-06	4.90862349e-03	nan	-1.37056493e+03

----------- Resultados_simulacion/MAIN/0.72/EVOLUCION/JOEL_1/I_4.txt -----------
N_variable	Media_variable	Err_variable	Log(variable)	Err_variable/Media_variable
1	8.30713769e-01	7.27767023e-03	-1.85469985e-01	8.76074347e-03
2	5.34663181e-01	1.87070723e-02	-6.26118298e-01	3.49885180e-02
3	2.89227784e-01	2.33729308e-02	-1.24054072e+00	8.08114991e-02
4	1.34854155e-01	2.07867358e-02	-2.00356142e+00	1.54142346e-01
5	5.46565654e-02	1.52211066e-02	-2.90668594e+00	2.78486335e-01
6	1.93148633e-02	1.03839492e-02	-3.94688036e+00	5.37614431e-01
7	5.96860196e-03	7.54866881e-03	-5.12124256e+00	1.26472981e+00
8	1.61803604e-03	6.33458832e-03	-6.42654219e+00	3.91498592e+00
9	3.77853240e-04	5.76041330e-03	-7.88100469e+00	1.52451076e+01
10	7.79843800e-05	5.46438464e-03	-9.45900201e+00	7.00702454e+01
11	3.51321400e-05	4.92892847e-03	-1.02563942e+01	1.40296847e+02

----------- Resultados_simulacion/MAIN/0.72/EVOLUCION/JOEL_1/I_5.txt -----------
N_variable	Media_variable	Err_variable	Log(variable)	Err_variable/Media_variable
1	8.30751263e-01	7.25949500e-03	-1.85424851e-01	8.73847002e-03
2	5.34780948e-01	1.86713527e-02	-6.25898059e-01	3.49140200e-02
3	2.89381667e-01	2.33279597e-02	-1.24000881e+00	8.06131223e-02
4	1.35041878e-01	2.07374357e-02	-2.00217034e+00	1.53562999e-01
5	5.48430965e-02	1.51392847e-02	-2.90327896e+00	2.76047227e-01
6	1.94392735e-02	1.03197311e-02	-3.94045985e+00	5.30870203e-01
7	6.05971420e-03	7.54589437e-03	-5.10609264e+00	1.24525582e+00
8	1.67525646e-03	6.29350395e-03	-6.39178901e+00	3.75674060e+00
9	2.96267720e-04	5.74446961e-03	-8.12424705e+00	1.93894550e+01
10	2.77706400e-05	5.48684556e-03	-1.04915312e+01	1.97577210e+02
11	-1.88662400e-05	4.93026037e-03	nan	-2.61327131e+02

----------- Resultados_simulacion/MAIN/0.72/EVOLUCION/JOEL_1/I_6.txt -----------
N_variable	Media_variable	Err_variable	Log(variable)	Err_variable/Media_variable
1	8.30822307e-01	7.31981326e-03	-1.85339337e-01	8.81032345e-03
2	5.34977864e-01	1.88049204e-02	-6.25529909e-01	3.51508382e-02
3	2.89623653e-01	2.34444679e-02	-1.23917295e+00	8.09480428e-02
4	1.35210405e-01	2.07963420e-02	-2.00092316e+00	1.53807261e-01
5	5.48990849e-02	1.52121614e-02	-2.90225860e+00	2.77093168e-01
6	1.94085523e-02	1.03369831e-02	-3.94204147e+00	5.32599392e-01
7	5.97369644e-03	7.57043548e-03	-5.12038937e+00	1.26729497e+00
8	1.58671776e-03	6.31456188e-03	-6.44608770e+00	3.97963774e+00
9	3.86877300e-04	5.73507229e-03	-7.85740297e+00	1.48240083e+01
10	1.12078900e-04	5.45658422e-03	-9.09630747e+00	4.86852050e+01
11	1.62890400e-05	4.91012227e-03	-1.10250181e+01	3.01437179e+02

----------- Resultados_simulacion/MAIN/0.72/EVOLUCION/JOEL_1/I_7.txt -----------
N_variable	Media_variable	Err_variable	Log(variable)	Err_variable/Media_variable
1	8.30769713e-01	7.30149323e-03	-1.85402643e-01	8.78882935e-03
2	5.34840224e-01	1.87311804e-02	-6.25787223e-01	3.50220114e-02
3	2.89443782e-01	2.34000733e-02	-1.23979419e+00	8.08449679e-02
4	1.35082897e-01	2.08127375e-02	-2.00186663e+00	1.54073816e-01
5	5.48886374e-02	1.52099919e-02	-2.90244892e+00	2.77106386e-01
6	1.94445468e-02	1.03858763e-02	-3.94018862e+00	5.34127968e-01
7	6.01658656e-03	7.54337863e-03	-5.11323520e+00	1.25376383e+00
8	1.66298700e-03	6.31535033e-03	-6.39913990e+00	3.79759453e+00
9	4.30628260e-04	5.70574001e-03	-7.75026535e+00	1.32498039e+01
10	1.04274260e-04	5.47269230e-03	-9.16848601e+00	5.24836359e+01
11	-1.31866000e-06	4.91716752e-03	nan	-3.72891232e+03

----------- Resultados_simulacion/MAIN/0.72/EVOLUCION/JOEL_1/I_8.txt -----------
N_variable	Media_variable	Err_variable	Log(variable)	Err_variable/Media_variable
1	8.30688623e-01	7.30762033e-03	-1.85500256e-01	8.79706322e-03
2	5.34639771e-01	1.87110257e-02	-6.26162084e-01	3.49974445e-02
3	2.89236819e-01	2.33515134e-02	-1.24050948e+00	8.07349267e-02
4	1.34904418e-01	2.06913263e-02	-2.00318877e+00	1.53377678e-01
5	5.47286858e-02	1.50816182e-02	-2.90536729e+00	2.75570626e-01
6	1.93658549e-02	1.03088454e-02	-3.94424382e+00	5.32320695e-01
7	5.97931588e-03	7.50963654e-03	-5.11944912e+00	1.25593574e+00
8	1.64783860e-03	6.26931204e-03	-6.40829079e+00	3.80456681e+00
9	3.61271900e-04	5.71758720e-03	-7.92587970e+00	1.58262716e+01
10	4.09673600e-05	5.46509810e-03	-1.01027349e+01	1.33401276e+02
11	-5.26800000e-06	4.90961572e-03	nan	-9.31969575e+02

----------- Resultados_simulacion/MAIN/0.72/EVOLUCION/JOEL_1/I_9.txt -----------
N_variable	Media_variable	Err_variable	Log(variable)	Err_variable/Media_variable
1	8.30644055e-01	7.30111600e-03	-1.85553909e-01	8.78970475e-03
2	5.34519483e-01	1.87379433e-02	-6.26387098e-01	3.50556788e-02
3	2.89085246e-01	2.33638852e-02	-1.24103367e+00	8.08200541e-02
4	1.34817283e-01	2.07333035e-02	-2.00383487e+00	1.53788172e-01
5	5.46610074e-02	1.51493718e-02	-2.90660467e+00	2.77151346e-01
6	1.93832787e-02	1.03268898e-02	-3.94334451e+00	5.32773118e-01
7	6.00313246e-03	7.54574655e-03	-5.11547387e+00	1.25696819e+00
8	1.64608920e-03	6.29782470e-03	-6.40935299e+00	3.82593161e+00
9	3.77579500e-04	5.77573531e-03	-7.88172942e+00	1.52967396e+01
10	6.46691200e-05	5.47217583e-03	-9.64622675e+00	8.46180654e+01
11	-3.11685800e-05	4.89332371e-03	nan	-1.56995401e+02

----------- Resultados_simulacion/MAIN/0.72/EVOLUCION/NASIO/I_0.txt -----------
N_variable	Media_variable	Err_variable	Log(variable)	Err_variable/Media_variable
1	8.30717709e-01	7.29102663e-03	-1.85465242e-01	8.77678007e-03
2	5.34684134e-01	1.87180053e-02	-6.26079110e-01	3.50075943e-02
3	2.89276414e-01	2.33749315e-02	-1.24037260e+00	8.08048304e-02
4	1.34942586e-01	2.07751957e-02	-2.00290588e+00	1.53955815e-01
5	5.47323473e-02	1.51673247e-02	-2.90530039e+00	2.77118110e-01
6	1.93388695e-02	1.02711543e-02	-3.94563825e+00	5.31114519e-01
7	5.97892206e-03	7.49595462e-03	-5.11951498e+00	1.25373011e+00
8	1.65982470e-03	6.28051996e-03	-6.40104328e+00	3.78384534e+00
9	3.90203640e-04	5.73521309e-03	-7.84884180e+00	1.46980000e+01
10	6.25996400e-05	5.46126099e-03	-9.67875103e+00	8.72410925e+01
11	-5.42367800e-05	4.91957317e-03	nan	-9.07054800e+01

----------- Resultados_simulacion/MAIN/0.72/EVOLUCION/NASIO/I_1.txt -----------
N_variable	Media_variable	Err_variable	Log(variable)	Err_variable/Media_variable
1	8.30734741e-01	7.27136739e-03	-1.85444740e-01	8.75293524e-03
2	5.34729675e-01	1.86094359e-02	-6.25993940e-01	3.48015768e-02
3	2.89330740e-01	2.32615216e-02	-1.24018482e+00	8.03976848e-02
4	1.34926625e-01	2.07583781e-02	-2.00302417e+00	1.53849383e-01
5	5.47157892e-02	1.51635674e-02	-2.90560296e+00	2.77133303e-01
6	1.93893746e-02	1.03800293e-02	-3.94303006e+00	5.35346267e-01
7	6.00264546e-03	7.58846971e-03	-5.11555500e+00	1.26418756e+00
8	1.62364398e-03	6.25277495e-03	-6.42308229e+00	3.85107513e+00
9	4.36623280e-04	5.77523082e-03	-7.73643979e+00	1.32270337e+01
10	6.54738800e-05	5.43848488e-03	-9.63385927e+00	8.30634275e+01
11	3.67983000e-05	4.90030204e-03	-1.02100589e+01	1.33166533e+02

----------- Resultados_simulacion/MAIN/0.72/EVOLUCION/NASIO/I_10.txt -----------
N_variable	Media_variable	Err_variable	Log(variable)	Err_variable/Media_variable
1	8.30743366e-01	7.28181177e-03	-1.85434357e-01	8.76541669e-03
2	5.34753791e-01	1.86681503e-02	-6.25948842e-01	3.49098045e-02
3	2.89390586e-01	2.32796479e-02	-1.23997800e+00	8.04436947e-02
4	1.35055218e-01	2.06613577e-02	-2.00207156e+00	1.52984520e-01
5	5.47692742e-02	1.51437740e-02	-2.90462593e+00	2.76501273e-01
6	1.93608324e-02	1.03387115e-02	-3.94450320e+00	5.34001393e-01
7	5.97333844e-03	7.55048940e-03	-5.12044931e+00	1.26403174e+00
8	1.63824014e-03	6.24505172e-03	-6.41413270e+00	3.81204902e+00
9	4.19310680e-04	5.70639813e-03	-7.77689843e+00	1.36089978e+01
10	1.01478480e-04	5.47379736e-03	-9.19566380e+00	5.39404744e+01
11	-3.31660400e-05	4.93112350e-03	nan	-1.48679900e+02

----------- Resultados_simulacion/MAIN/0.72/EVOLUCION/NASIO/I_11.txt -----------
N_variable	Media_variable	Err_variable	Log(variable)	Err_variable/Media_variable
1	8.30805472e-01	7.27242095e-03	-1.85359601e-01	8.75345818e-03
2	5.34920983e-01	1.86690410e-02	-6.25636239e-01	3.49005584e-02
3	2.89574605e-01	2.33535336e-02	-1.23934231e+00	8.06477266e-02
4	1.35127574e-01	2.07826281e-02	-2.00153596e+00	1.53800054e-01
5	5.48177101e-02	1.52149815e-02	-2.90374196e+00	2.77555948e-01
6	1.93770118e-02	1.03695108e-02	-3.94366787e+00	5.35144991e-01
7	5.98789676e-03	7.56127369e-03	-5.11801505e+00	1.26275953e+00
8	1.66916986e-03	6.27178393e-03	-6.39542887e+00	3.75742702e+00
9	3.63490920e-04	5.72567622e-03	-7.91975624e+00	1.57519099e+01
10	6.87161000e-05	5.43983649e-03	-9.58552703e+00	7.91639294e+01
11	-1.31872600e-05	4.92198570e-03	nan	-3.73237936e+02

----------- Resultados_simulacion/MAIN/0.72/EVOLUCION/NASIO/I_12.txt -----------
N_variable	Media_variable	Err_variable	Log(variable)	Err_variable/Media_variable
1	8.30683877e-01	7.26571609e-03	-1.85505970e-01	8.74666802e-03
2	5.34625531e-01	1.86192591e-02	-6.26188719e-01	3.48267302e-02
3	2.89186769e-01	2.32819884e-02	-1.24068254e+00	8.05084839e-02
4	1.34829816e-01	2.06769970e-02	-2.00374192e+00	1.53356265e-01
5	5.46286921e-02	1.51353941e-02	-2.90719604e+00	2.77059426e-01
6	1.93917629e-02	1.02945575e-02	-3.94290690e+00	5.30872699e-01
7	6.01033976e-03	7.56902812e-03	-5.11427400e+00	1.25933448e+00
8	1.67657276e-03	6.31607042e-03	-6.39100359e+00	3.76725101e+00
9	3.72774620e-04	5.78263415e-03	-7.89453656e+00	1.55124138e+01
10	7.51888800e-05	5.44732966e-03	-9.49550721e+00	7.24486076e+01
11	2.09616000e-06	4.93129397e-03	-1.30754035e+01	2.35253700e+03

----------- Resultados_simulacion/MAIN/0.72/EVOLUCION/NASIO/I_13.txt -----------
N_variable	Media_variable	Err_variable	Log(variable)	Err_variable/Media_variable
1	8.30687115e-01	7.25067439e-03	-1.85502072e-01	8.72852637e-03
2	5.34603864e-01	1.86336220e-02	-6.26229247e-01	3.48550081e-02
3	2.89165750e-01	2.33348556e-02	-1.24075523e+00	8.06971628e-02
4	1.34863219e-01	2.07536965e-02	-2.00349420e+00	1.53887002e-01
5	5.47054466e-02	1.51858438e-02	-2.90579200e+00	2.77592904e-01
6	1.93407767e-02	1.03450363e-02	-3.94553963e+00	5.34882155e-01
7	5.99902378e-03	7.54220627e-03	-5.11615853e+00	1.25723894e+00
8	1.61138176e-03	6.28591444e-03	-6.43066323e+00	3.90094675e+00
9	3.43179480e-04	5.74487667e-03	-7.97725698e+00	1.67401520e+01
10	3.17390000e-05	5.47193037e-03	-1.03579643e+01	1.72403994e+02
11	-2.06948200e-05	4.89702904e-03	nan	-2.36630666e+02

----------- Resultados_simulacion/MAIN/0.72/EVOLUCION/NASIO/I_14.txt -----------
N_variable	Media_variable	Err_variable	Log(variable)	Err_variable/Media_variable
1	8.30728640e-01	7.26129066e-03	-1.85452084e-01	8.74086954e-03
2	5.34733914e-01	1.86118231e-02	-6.25986013e-01	3.48057653e-02
3	2.89337742e-01	2.32550595e-02	-1.24016061e+00	8.03734047e-02
4	1.34989152e-01	2.06518794e-02	-2.00256086e+00	1.52989178e-01
5	5.47135436e-02	1.51530827e-02	-2.90564400e+00	2.76953049e-01
6	1.92934286e-02	1.03026472e-02	-3.94799073e+00	5.33997735e-01
7	5.97202732e-03	7.53738151e-03	-5.12066882e+00	1.26211437e+00
8	1.64354228e-03	6.31168819e-03	-6.41090144e+00	3.84029560e+00
9	3.80002520e-04	5.74744247e-03	-7.87533267e+00	1.51247483e+01
10	1.08473080e-04	5.45781866e-03	-9.12900853e+00	5.03149598e+01
11	-1.11554000e-05	4.90930822e-03	nan	-4.40083567e+02

----------- Resultados_simulacion/MAIN/0.72/EVOLUCION/NASIO/I_15.txt -----------
N_variable	Media_variable	Err_variable	Log(variable)	Err_variable/Media_variable
1	8.30739591e-01	7.31133255e-03	-1.85438902e-01	8.80099207e-03
2	5.34779949e-01	1.87896531e-02	-6.25899927e-01	3.51352984e-02
3	2.89433874e-01	2.34339211e-02	-1.23982842e+00	8.09646804e-02
4	1.35097488e-01	2.07625465e-02	-2.00175863e+00	1.53685659e-01
5	5.48541460e-02	1.51765041e-02	-2.90307751e+00	2.76670138e-01
6	1.94222853e-02	1.03791136e-02	-3.94133414e+00	5.34391986e-01
7	5.96726622e-03	7.55126214e-03	-5.12146638e+00	1.26544750e+00
8	1.65552008e-03	6.31138128e-03	-6.40364007e+00	3.81232542e+00
9	4.06812200e-04	5.75992218e-03	-7.80715890e+00	1.41586761e+01
10	9.14438000e-05	5.50450181e-03	-9.29978598e+00	6.01954622e+01
11	-8.27682000e-06	4.92794746e-03	nan	-5.95391401e+02

----------- Resultados_simulacion/MAIN/0.72/EVOLUCION/NASIO/I_16.txt -----------
N_variable	Media_variable	Err_variable	Log(variable)	Err_variable/Media_variable
1	8.30770258e-01	7.28829664e-03	-1.85401986e-01	8.77293881e-03
2	5.34805351e-01	1.87169777e-02	-6.25852427e-01	3.49977382e-02
3	2.89382658e-01	2.33899621e-02	-1.24000539e+00	8.08271037e-02
4	1.35008057e-01	2.08220039e-02	-2.00242082e+00	1.54227862e-01
5	5.47805489e-02	1.52630369e-02	-2.90442010e+00	2.78621467e-01
6	1.94256950e-02	1.04057868e-02	-3.94115860e+00	5.35671275e-01
7	6.01495566e-03	7.55853770e-03	-5.11350630e+00	1.25662401e+00
8	1.62375646e-03	6.27058094e-03	-6.42301301e+00	3.86177428e+00
9	3.74066440e-04	5.72589073e-03	-7.89107713e+00	1.53071490e+01
10	4.16915000e-05	5.48230721e-03	-1.00852133e+01	1.31497001e+02
11	4.74018800e-05	4.88499342e-03	-9.95684867e+00	1.03054846e+02

----------- Resultados_simulacion/MAIN/0.72/EVOLUCION/NASIO/I_17.txt -----------
N_variable	Media_variable	Err_variable	Log(variable)	Err_variable/Media_variable
1	8.30719754e-01	7.24533527e-03	-1.85462781e-01	8.72175633e-03
2	5.34689669e-01	1.85822860e-02	-6.26068759e-01	3.47534038e-02
3	2.89288709e-01	2.32007116e-02	-1.24033010e+00	8.01991604e-02
4	1.34932976e-01	2.06443552e-02	-2.00297710e+00	1.52997108e-01
5	5.47232620e-02	1.51113414e-02	-2.90546639e+00	2.76141094e-01
6	1.93905158e-02	1.02493784e-02	-3.94297121e+00	5.28576885e-01
7	5.98123584e-03	7.55278944e-03	-5.11912807e+00	1.26274731e+00
8	1.62503912e-03	6.29472142e-03	-6.42222339e+00	3.87358147e+00
9	3.75439940e-04	5.72710772e-03	-7.88741205e+00	1.52543912e+01
10	6.97027800e-05	5.45440364e-03	-9.57127036e+00	7.82523113e+01
11	3.32145000e-05	4.90932833e-03	-1.03125240e+01	1.47806781e+02

----------- Resultados_simulacion/MAIN/0.72/EVOLUCION/NASIO/I_18.txt -----------
N_variable	Media_variable	Err_variable	Log(variable)	Err_variable/Media_variable
1	8.30703048e-01	7.29389423e-03	-1.85482891e-01	8.78038698e-03
2	5.34665505e-01	1.87249739e-02	-6.26113951e-01	3.50218477e-02
3	2.89278742e-01	2.33766759e-02	-1.24036455e+00	8.08102101e-02
4	1.34944160e-01	2.07725482e-02	-2.00289422e+00	1.53934400e-01
5	5.47402156e-02	1.52061577e-02	-2.90515664e+00	2.77787683e-01
6	1.93639491e-02	1.03930358e-02	-3.94434223e+00	5.36720880e-01
7	5.96586894e-03	7.55487465e-03	-5.12170056e+00	1.26634942e+00
8	1.62162490e-03	6.31727937e-03	-6.42432661e+00	3.89564774e+00
9	4.20731760e-04	5.76467199e-03	-7.77351508e+00	1.37015375e+01
10	5.27007800e-05	5.46530537e-03	-9.85088030e+00	1.03704449e+02
11	-9.75136000e-06	4.92412913e-03	nan	-5.04968449e+02

----------- Resultados_simulacion/MAIN/0.72/EVOLUCION/NASIO/I_19.txt -----------
N_variable	Media_variable	Err_variable	Log(variable)	Err_variable/Media_variable
1	8.30777227e-01	7.28060341e-03	-1.85393598e-01	8.76360494e-03
2	5.34854537e-01	1.86836270e-02	-6.25760462e-01	3.49321652e-02
3	2.89497651e-01	2.33772372e-02	-1.23960810e+00	8.07510428e-02
4	1.35153937e-01	2.08299423e-02	-2.00134088e+00	1.54120130e-01
5	5.49020420e-02	1.52729280e-02	-2.90220474e+00	2.78185062e-01
6	1.94622551e-02	1.03885034e-02	-3.93927833e+00	5.33776964e-01
7	6.02734290e-03	7.58913776e-03	-5.11144901e+00	1.25911830e+00
8	1.63320508e-03	6.32120777e-03	-6.41721089e+00	3.87043112e+00
9	3.58852860e-04	5.74732688e-03	-7.93259811e+00	1.60158313e+01
10	7.00069400e-05	5.45271031e-03	-9.56691618e+00	7.78881395e+01
11	1.37227000e-05	4.91793412e-03	-1.11964592e+01	3.58379482e+02

----------- Resultados_simulacion/MAIN/0.72/EVOLUCION/NASIO/I_2.txt -----------
N_variable	Media_variable	Err_variable	Log(variable)	Err_variable/Media_variable
1	8.30742706e-01	7.28039094e-03	-1.85435151e-01	8.76371335e-03
2	5.34779312e-01	1.86831555e-02	-6.25901118e-01	3.49361971e-02
3	2.89451337e-01	2.33806372e-02	-1.23976809e+00	8.07757096e-02
4	1.35110670e-01	2.07439794e-02	-2.00166106e+00	1.53533244e-01
5	5.48643968e-02	1.51312348e-02	-2.90289065e+00	2.75793333e-01
6	1.94261685e-02	1.03272601e-02	-3.94113423e+00	5.31615904e-01
7	6.04541272e-03	7.53652617e-03	-5.10845552e+00	1.24665205e+00
8	1.66093442e-03	6.28105635e-03	-6.40037493e+00	3.78164019e+00
9	3.72769580e-04	5.75351087e-03	-7.89455008e+00	1.54344967e+01
10	6.87651800e-05	5.44683902e-03	-9.58481305e+00	7.92092600e+01
11	-1.27765800e-05	4.90087217e-03	nan	-3.83582474e+02

----------- Resultados_simulacion/MAIN/0.72/EVOLUCION/NASIO/I_20.txt -----------
N_variable	Media_variable	Err_variable	Log(variable)	Err_variable/Media_variable
1	8.30737077e-01	7.26827387e-03	-1.85441927e-01	8.74918680e-03
2	5.34762697e-01	1.86692048e-02	-6.25932187e-01	3.49111950e-02
3	2.89360125e-01	2.33339083e-02	-1.24008326e+00	8.06396813e-02
4	1.34952319e-01	2.07314075e-02	-2.00283376e+00	1.53620239e-01
5	5.47233744e-02	1.51811177e-02	-2.90546434e+00	2.77415599e-01
6	1.93422790e-02	1.03612558e-02	-3.94546196e+00	5.35679163e-01
7	5.97276558e-03	7.56627976e-03	-5.12054521e+00	1.26679671e+00
8	1.60845936e-03	6.30580059e-03	-6.43247848e+00	3.92039783e+00
9	3.79602800e-04	5.72740539e-03	-7.87638512e+00	1.50878903e+01
10	6.87820400e-05	5.46061074e-03	-9.58456789e+00	7.93900667e+01
11	-4.84219200e-05	4.90397677e-03	nan	-1.01275967e+02

----------- Resultados_simulacion/MAIN/0.72/EVOLUCION/NASIO/I_21.txt -----------
N_variable	Media_variable	Err_variable	Log(variable)	Err_variable/Media_variable
1	8.30773663e-01	7.27370688e-03	-1.85397888e-01	8.75534120e-03
2	5.34835487e-01	1.86707654e-02	-6.25796080e-01	3.49093617e-02
3	2.89447650e-01	2.33749974e-02	-1.23978083e+00	8.07572541e-02
4	1.35132027e-01	2.07978668e-02	-2.00150300e+00	1.53907754e-01
5	5.48452705e-02	1.52245899e-02	-2.90323932e+00	2.77591664e-01
6	1.94452685e-02	1.03269847e-02	-3.94015150e+00	5.31079563e-01
7	6.02529986e-03	7.55056527e-03	-5.11178803e+00	1.25314349e+00
8	1.64142396e-03	6.29482113e-03	-6.41219115e+00	3.83497578e+00
9	4.03413480e-04	5.76906517e-03	-7.81554852e+00	1.43006257e+01
10	6.67788200e-05	5.47745487e-03	-9.61412459e+00	8.20238344e+01
11	-4.31990000e-06	4.91849781e-03	nan	-1.13856752e+03

----------- Resultados_simulacion/MAIN/0.72/EVOLUCION/NASIO/I_22.txt -----------
N_variable	Media_variable	Err_variable	Log(variable)	Err_variable/Media_variable
1	8.30753834e-01	7.24051867e-03	-1.85421757e-01	8.71560066e-03
2	5.34789418e-01	1.85788947e-02	-6.25882221e-01	3.47405803e-02
3	2.89449469e-01	2.32075434e-02	-1.23977454e+00	8.01782208e-02
4	1.35057886e-01	2.06718110e-02	-2.00205181e+00	1.53058897e-01
5	5.47961878e-02	1.51228049e-02	-2.90413465e+00	2.75982791e-01
6	1.94131763e-02	1.02955752e-02	-3.94180325e+00	5.30339551e-01
7	6.01469932e-03	7.54594109e-03	-5.11354892e+00	1.25458326e+00
8	1.64496390e-03	6.33355170e-03	-6.41003684e+00	3.85026790e+00
9	4.09938220e-04	5.73449545e-03	-7.79950409e+00	1.39886821e+01
10	9.97571000e-05	5.41429318e-03	-9.21277233e+00	5.42747652e+01
11	-3.37974000e-05	4.94059585e-03	nan	-1.46182720e+02

----------- Resultados_simulacion/MAIN/0.72/EVOLUCION/NASIO/I_23.txt -----------
N_variable	Media_variable	Err_variable	Log(variable)	Err_variable/Media_variable
1	8.30699076e-01	7.27170616e-03	-1.85487673e-01	8.75371886e-03
2	5.34652199e-01	1.86271386e-02	-6.26138838e-01	3.48397305e-02
3	2.89282454e-01	2.32453662e-02	-1.24035172e+00	8.03552581e-02
4	1.34959425e-01	2.06851608e-02	-2.00278110e+00	1.53269479e-01
5	5.47779368e-02	1.51892301e-02	-2.90446778e+00	2.77287371e-01
6	1.94452928e-02	1.03476868e-02	-3.94015025e+00	5.32143534e-01
7	6.01082446e-03	7.57815435e-03	-5.11419336e+00	1.26075123e+00
8	1.61756046e-03	6.33705974e-03	-6.42683615e+00	3.91766484e+00
9	3.74808140e-04	5.77162166e-03	-7.88909629e+00	1.53988696e+01
10	6.10954400e-05	5.45293957e-03	-9.70307333e+00	8.92528079e+01
11	6.50118000e-06	4.92793723e-03	-1.19435269e+01	7.58006583e+02

----------- Resultados_simulacion/MAIN/0.72/EVOLUCION/NASIO/I_24.txt -----------
N_variable	Media_variable	Err_variable	Log(variable)	Err_variable/Media_variable
1	8.30780262e-01	7.27092634e-03	-1.85389945e-01	8.75192475e-03
2	5.34847351e-01	1.85948092e-02	-6.25773899e-01	3.47665726e-02
3	2.89458447e-01	2.32427032e-02	-1.23974353e+00	8.02972013e-02
4	1.35095217e-01	2.06811332e-02	-2.00177544e+00	1.53085607e-01
5	5.48112727e-02	1.51857927e-02	-2.90385940e+00	2.77056012e-01
6	1.94091725e-02	1.03797009e-02	-3.94200952e+00	5.34783281e-01
7	5.98745334e-03	7.57209500e-03	-5.11808911e+00	1.26466038e+00
8	1.60749406e-03	6.29676724e-03	-6.43307880e+00	3.91713251e+00
9	3.85107000e-04	5.76021686e-03	-7.86198934e+00	1.49574452e+01
10	1.08623520e-04	5.43997727e-03	-9.12762260e+00	5.00810254e+01
11	3.93462000e-06	4.90356451e-03	-1.24456963e+01	1.24626127e+03

----------- Resultados_simulacion/MAIN/0.72/EVOLUCION/NASIO/I_25.txt -----------
N_variable	Media_variable	Err_variable	Log(variable)	Err_variable/Media_variable
1	8.30687998e-01	7.29080254e-03	-1.85501008e-01	8.77682422e-03
2	5.34653781e-01	1.87014103e-02	-6.26135880e-01	3.49785430e-02
3	2.89307338e-01	2.33618520e-02	-1.24026570e+00	8.07509832e-02
4	1.34980825e-01	2.07703701e-02	-2.00262255e+00	1.53876449e-01
5	5.47579292e-02	1.52246232e-02	-2.90483310e+00	2.78035043e-01
6	1.94006678e-02	1.04476295e-02	-3.94244779e+00	5.38519064e-01
7	5.97641352e-03	7.60209203e-03	-5.11993464e+00	1.27201573e+00
8	1.63981768e-03	6.30030464e-03	-6.41317021e+00	3.84207630e+00
9	3.99490360e-04	5.75627557e-03	-7.82532092e+00	1.44090475e+01
10	1.29307040e-04	5.43888238e-03	-8.95332083e+00	4.20617654e+01
11	-1.12570000e-06	4.92622337e-03	nan	-4.37614228e+03

----------- Resultados_simulacion/MAIN/0.72/EVOLUCION/NASIO/I_26.txt -----------
N_variable	Media_variable	Err_variable	Log(variable)	Err_variable/Media_variable
1	8.30703490e-01	7.26831947e-03	-1.85482359e-01	8.74959544e-03
2	5.34682385e-01	1.86435390e-02	-6.26082381e-01	3.48684369e-02
3	2.89297868e-01	2.32628000e-02	-1.24029844e+00	8.04112388e-02
4	1.34976232e-01	2.06676329e-02	-2.00265657e+00	1.53120535e-01
5	5.47521803e-02	1.51205368e-02	-2.90493809e+00	2.76163191e-01
6	1.94069437e-02	1.02810796e-02	-3.94212435e+00	5.29762942e-01
7	6.01053116e-03	7.54094705e-03	-5.11424215e+00	1.25462240e+00
8	1.61806882e-03	6.27347158e-03	-6.42652193e+00	3.87713520e+00
9	4.09489380e-04	5.72548738e-03	-7.80059959e+00	1.39820168e+01
10	8.90348800e-05	5.47582738e-03	-9.32648235e+00	6.15020471e+01
11	-4.27812400e-05	4.92507750e-03	nan	-1.15122364e+02

----------- Resultados_simulacion/MAIN/0.72/EVOLUCION/NASIO/I_27.txt -----------
N_variable	Media_variable	Err_variable	Log(variable)	Err_variable/Media_variable
1	8.30669789e-01	7.26625913e-03	-1.85522929e-01	8.74747009e-03
2	5.34593392e-01	1.86444260e-02	-6.26248836e-01	3.48759005e-02
3	2.89202162e-01	2.33060194e-02	-1.24062931e+00	8.05872931e-02
4	1.34906217e-01	2.07455075e-02	-2.00317543e+00	1.53777253e-01
5	5.46993893e-02	1.51685972e-02	-2.90590273e+00	2.77308347e-01
6	1.93542714e-02	1.03308264e-02	-3.94484214e+00	5.33775008e-01
7	5.99734012e-03	7.55254267e-03	-5.11643922e+00	1.25931538e+00
8	1.58565622e-03	6.27464506e-03	-6.44675694e+00	3.95712828e+00
9	4.01362460e-04	5.76477753e-03	-7.82064565e+00	1.43630212e+01
10	9.75017400e-05	5.42937315e-03	-9.23564033e+00	5.56848847e+01
11	1.23801400e-05	4.90722259e-03	-1.12994170e+01	3.96378602e+02

----------- Resultados_simulacion/MAIN/0.72/EVOLUCION/NASIO/I_3.txt -----------
N_variable	Media_variable	Err_variable	Log(variable)	Err_variable/Media_variable
1	8.30717574e-01	7.31946502e-03	-1.85465405e-01	8.81101502e-03
2	5.34690855e-01	1.87637836e-02	-6.26066540e-01	3.50927707e-02
3	2.89278357e-01	2.34677491e-02	-1.24036588e+00	8.11251465e-02
4	1.34949252e-01	2.08611198e-02	-2.00285649e+00	1.54584924e-01
5	5.47359195e-02	1.52579956e-02	-2.90523512e+00	2.78756541e-01
6	1.93671556e-02	1.03954530e-02	-3.94417666e+00	5.36756830e-01
7	5.99306772e-03	7.53413751e-03	-5.11715186e+00	1.25714206e+00
8	1.60521426e-03	6.29081671e-03	-6.43449804e+00	3.91898880e+00
9	3.54709540e-04	5.73782200e-03	-7.94421130e+00	1.61761141e+01
10	9.88434600e-05	5.47454368e-03	-9.22197317e+00	5.53859980e+01
11	4.48750000e-06	4.91283305e-03	-1.23142148e+01	1.09478174e+03

----------- Resultados_simulacion/MAIN/0.72/EVOLUCION/NASIO/I_4.txt -----------
N_variable	Media_variable	Err_variable	Log(variable)	Err_variable/Media_variable
1	8.30759660e-01	7.28828756e-03	-1.85414744e-01	8.77303980e-03
2	5.34794105e-01	1.86960591e-02	-6.25873457e-01	3.49593589e-02
3	2.89430875e-01	2.33756423e-02	-1.23983878e+00	8.07641627e-02
4	1.35097171e-01	2.07346487e-02	-2.00176097e+00	1.53479518e-01
5	5.48471481e-02	1.52237194e-02	-2.90320509e+00	2.77566289e-01
6	1.94426523e-02	1.03816447e-02	-3.94028605e+00	5.33962367e-01
7	5.98958808e-03	7.52662842e-03	-5.11773264e+00	1.25661871e+00
8	1.64735666e-03	6.29240852e-03	-6.40858330e+00	3.81970017e+00
9	4.06529300e-04	5.72661552e-03	-7.80785455e+00	1.40865997e+01
10	4.95836400e-05	5.46812885e-03	-9.91184962e+00	1.10280908e+02
11	-1.20818800e-05	4.89880333e-03	nan	-4.05466975e+02

----------- Resultados_simulacion/MAIN/0.72/EVOLUCION/NASIO/I_5.txt -----------
N_variable	Media_variable	Err_variable	Log(variable)	Err_variable/Media_variable
1	8.30762440e-01	7.29483100e-03	-1.85411398e-01	8.78088686e-03
2	5.34801365e-01	1.87390888e-02	-6.25859881e-01	3.50393437e-02
3	2.89407637e-01	2.34081561e-02	-1.23991908e+00	8.08829938e-02
4	1.35028373e-01	2.07887029e-02	-2.00227035e+00	1.53958035e-01
5	5.47664136e-02	1.51829999e-02	-2.90467816e+00	2.77231954e-01
6	1.93903407e-02	1.03036658e-02	-3.94298024e+00	5.31381372e-01
7	5.95777884e-03	7.53013667e-03	-5.12305755e+00	1.26391678e+00
8	1.61958556e-03	6.28480458e-03	-6.42558499e+00	3.88050174e+00
9	3.93216240e-04	5.73819222e-03	-7.84115087e+00	1.45929685e+01
10	7.45099600e-05	5.43772911e-03	-9.50457775e+00	7.29798957e+01
11	-8.86454000e-06	4.93055852e-03	nan	-5.56211436e+02

----------- Resultados_simulacion/MAIN/0.72/EVOLUCION/NASIO/I_6.txt -----------
N_variable	Media_variable	Err_variable	Log(variable)	Err_variable/Media_variable
1	8.30722756e-01	7.25558536e-03	-1.85459166e-01	8.73406357e-03
2	5.34731699e-01	1.86500353e-02	-6.25990154e-01	3.48773699e-02
3	2.89308274e-01	2.33001122e-02	-1.24026247e+00	8.05373169e-02
4	1.34972110e-01	2.06648218e-02	-2.00268711e+00	1.53104385e-01
5	5.47512167e-02	1.51083188e-02	-2.90495569e+00	2.75944896e-01
6	1.93608839e-02	1.03228230e-02	-3.94450054e+00	5.33179323e-01
7	6.00661350e-03	7.51510672e-03	-5.11489417e+00	1.25113872e+00
8	1.65516454e-03	6.27157137e-03	-6.40385486e+00	3.78909240e+00
9	4.06827520e-04	5.72427362e-03	-7.80712125e+00	1.40705172e+01
10	3.28334800e-05	5.47370071e-03	-1.03240618e+01	1.66710952e+02
11	3.98802000e-06	4.91329997e-03	-1.24322157e+01	1.23201488e+03

----------- Resultados_simulacion/MAIN/0.72/EVOLUCION/NASIO/I_7.txt -----------
N_variable	Media_variable	Err_variable	Log(variable)	Err_variable/Media_variable
1	8.30653829e-01	7.23517380e-03	-1.85542143e-01	8.71021544e-03
2	5.34531939e-01	1.85637819e-02	-6.26363794e-01	3.47290414e-02
3	2.89047716e-01	2.31936318e-02	-1.24116350e+00	8.02415331e-02
4	1.34695654e-01	2.05875980e-02	-2.00473746e+00	1.52845303e-01
5	5.45288822e-02	1.50689077e-02	-2.90902477e+00	2.76347269e-01
6	1.92433463e-02	1.02822985e-02	-3.95058992e+00	5.34330068e-01
7	5.89513046e-03	7.50981375e-03	-5.13362861e+00	1.27390120e+00
8	1.55887164e-03	6.28787681e-03	-6.46379303e+00	4.03360780e+00
9	3.92787860e-04	5.75705338e-03	-7.84224089e+00	1.46569025e+01
10	9.85487400e-05	5.46847638e-03	-9.22495931e+00	5.54900690e+01
11	-2.06884400e-05	4.89118457e-03	nan	-2.36421140e+02

----------- Resultados_simulacion/MAIN/0.72/EVOLUCION/NASIO/I_8.txt -----------
N_variable	Media_variable	Err_variable	Log(variable)	Err_variable/Media_variable
1	8.30717352e-01	7.31140938e-03	-1.85465672e-01	8.80132016e-03
2	5.34713868e-01	1.88156328e-02	-6.26023501e-01	3.51882266e-02
3	2.89315583e-01	2.34984241e-02	-1.24023720e+00	8.12207342e-02
4	1.35009300e-01	2.08792708e-02	-2.00241161e+00	1.54650611e-01
5	5.47979841e-02	1.53005972e-02	-2.90410187e+00	2.79218249e-01
6	1.94041307e-02	1.04276986e-02	-3.94226931e+00	5.37395813e-01
7	5.98622938e-03	7.60539866e-03	-5.11829355e+00	1.27048233e+00
8	1.63899672e-03	6.31443501e-03	-6.41367098e+00	3.85262212e+00
9	3.88766360e-04	5.73882276e-03	-7.85253201e+00	1.47616238e+01
10	1.09254560e-04	5.46504914e-03	-9.12182999e+00	5.00212453e+01
11	-5.26185800e-05	4.89897504e-03	nan	-9.31035205e+01

----------- Resultados_simulacion/MAIN/0.72/EVOLUCION/NASIO/I_9.txt -----------
N_variable	Media_variable	Err_variable	Log(variable)	Err_variable/Media_variable
1	8.30703059e-01	7.30401464e-03	-1.85482878e-01	8.79256981e-03
2	5.34675939e-01	1.87303599e-02	-6.26094438e-01	3.50312377e-02
3	2.89236773e-01	2.33960146e-02	-1.24050964e+00	8.08887969e-02
4	1.34907426e-01	2.07331114e-02	-2.00316647e+00	1.53683989e-01
5	5.47585625e-02	1.51272935e-02	-2.90482153e+00	2.76254395e-01
6	1.93870959e-02	1.02962564e-02	-3.94314760e+00	5.31088124e-01
7	6.01389064e-03	7.49281452e-03	-5.11368338e+00	1.24591799e+00
8	1.58718512e-03	6.29919210e-03	-6.44579320e+00	3.96878223e+00
9	3.82585360e-04	5.73237916e-03	-7.86855877e+00	1.49832685e+01
10	3.98978600e-05	5.45848995e-03	-1.01291879e+01	1.36811597e+02
11	-4.18310000e-06	4.90401080e-03	nan	-1.17233889e+03

----------- Resultados_simulacion/MAIN/0.72/EVOLUCION/NASIO_1/I_10.txt -----------
N_variable	Media_variable	Err_variable	Log(variable)	Err_variable/Media_variable
1	8.30690011e-01	7.23185424e-03	-1.85498585e-01	8.70583990e-03
2	5.34614004e-01	1.85676617e-02	-6.26210280e-01	3.47309676e-02
3	2.89188387e-01	2.32050184e-02	-1.24067695e+00	8.02418750e-02
4	1.34919532e-01	2.06732780e-02	-2.00307674e+00	1.53226724e-01
5	5.46867084e-02	1.51577629e-02	-2.90613459e+00	2.77174534e-01
6	1.93706033e-02	1.03323404e-02	-3.94399866e+00	5.33403131e-01
7	5.98335432e-03	7.51386506e-03	-5.11877395e+00	1.25579477e+00
8	1.63821706e-03	6.28780470e-03	-6.41414679e+00	3.83819999e+00
9	4.00570400e-04	5.75674562e-03	-7.82262103e+00	1.43713705e+01
10	7.33219600e-05	5.44894019e-03	-9.52065040e+00	7.43152555e+01
11	2.59363600e-05	4.93356420e-03	-1.05598647e+01	1.90218065e+02

----------- Resultados_simulacion/MAIN/0.72/EVOLUCION/NASIO_1/I_11.txt -----------
N_variable	Media_variable	Err_variable	Log(variable)	Err_variable/Media_variable
1	8.30686630e-01	7.26151320e-03	-1.85502655e-01	8.74157948e-03
2	5.34655970e-01	1.86455529e-02	-6.26131785e-01	3.48739263e-02
3	2.89251678e-01	2.33293230e-02	-1.24045811e+00	8.06540627e-02
4	1.34943571e-01	2.07409442e-02	-2.00289858e+00	1.53700870e-01
5	5.47306500e-02	1.51685132e-02	-2.90533140e+00	2.77148421e-01
6	1.93404923e-02	1.03422609e-02	-3.94555434e+00	5.34746518e-01
7	5.98903526e-03	7.57609057e-03	-5.11782494e+00	1.26499348e+00
8	1.65815154e-03	6.29120403e-03	-6.40205183e+00	3.79410680e+00
9	4.07731940e-04	5.73887800e-03	-7.80490061e+00	1.40751249e+01
10	3.34609200e-05	5.46598735e-03	-1.03051324e+01	1.63354365e+02
11	1.27863800e-05	4.91668347e-03	-1.12671300e+01	3.84525055e+02

----------- Resultados_simulacion/MAIN/0.72/EVOLUCION/NASIO_1/I_12.txt -----------
N_variable	Media_variable	Err_variable	Log(variable)	Err_variable/Media_variable
1	8.30755488e-01	7.28614945e-03	-1.85419765e-01	8.77051016e-03
2	5.34772894e-01	1.86678276e-02	-6.25913120e-01	3.49079540e-02
3	2.89344359e-01	2.33033628e-02	-1.24013774e+00	8.05385074e-02
4	1.34955371e-01	2.07114521e-02	-2.00281114e+00	1.53468898e-01
5	5.47509033e-02	1.51777660e-02	-2.90496141e+00	2.77214897e-01
6	1.93857031e-02	1.03208942e-02	-3.94321944e+00	5.32397206e-01
7	6.00702882e-03	7.53657950e-03	-5.11482503e+00	1.25462683e+00
8	1.62286702e-03	6.32454740e-03	-6.42356093e+00	3.89714457e+00
9	3.86509480e-04	5.72695869e-03	-7.85835416e+00	1.48171235e+01
10	9.79406400e-05	5.46185167e-03	-9.23114898e+00	5.57669592e+01
11	1.36064600e-05	4.90692669e-03	-1.12049659e+01	3.60632133e+02

----------- Resultados_simulacion/MAIN/0.72/EVOLUCION/NASIO_1/I_14.txt -----------
N_variable	Media_variable	Err_variable	Log(variable)	Err_variable/Media_variable
1	8.30742149e-01	7.28765636e-03	-1.85435822e-01	8.77246491e-03
2	5.34783842e-01	1.86538873e-02	-6.25892647e-01	3.48811722e-02
3	2.89400094e-01	2.32813519e-02	-1.23994514e+00	8.04469397e-02
4	1.35033757e-01	2.07439763e-02	-2.00223048e+00	1.53620671e-01
5	5.47795300e-02	1.52059914e-02	-2.90443870e+00	2.77585284e-01
6	1.94327797e-02	1.03413847e-02	-3.94079396e+00	5.32161888e-01
7	6.00954928e-03	7.53513889e-03	-5.11440553e+00	1.25386090e+00
8	1.62356762e-03	6.27601429e-03	-6.42312932e+00	3.86557000e+00
9	3.91601980e-04	5.68640593e-03	-7.84526459e+00	1.45208815e+01
10	7.43928800e-05	5.41397929e-03	-9.50615032e+00	7.27755034e+01
11	2.79007800e-05	4.90033005e-03	-1.04868559e+01	1.75634160e+02

----------- Resultados_simulacion/MAIN/0.72/EVOLUCION/NASIO_1/I_15.txt -----------
N_variable	Media_variable	Err_variable	Log(variable)	Err_variable/Media_variable
1	8.30750852e-01	7.25937548e-03	-1.85425346e-01	8.73833046e-03
2	5.34773085e-01	1.86338040e-02	-6.25912763e-01	3.48443191e-02
3	2.89424307e-01	2.32857691e-02	-1.23986148e+00	8.04554714e-02
4	1.35095736e-01	2.06970722e-02	-2.00177160e+00	1.53203002e-01
5	5.48642584e-02	1.51852264e-02	-2.90289317e+00	2.76778122e-01
6	1.94308355e-02	1.03799655e-02	-3.94089402e+00	5.34200676e-01
7	6.02133084e-03	7.59691803e-03	-5.11244697e+00	1.26166760e+00
8	1.64707712e-03	6.32032409e-03	-6.40875300e+00	3.83729700e+00
9	4.43905340e-04	5.76340356e-03	-7.71989922e+00	1.29834067e+01
10	8.86005000e-05	5.50386610e-03	-9.33137306e+00	6.21200343e+01
11	2.59254000e-06	4.91168477e-03	-1.28628725e+01	1.89454542e+03

----------- Resultados_simulacion/MAIN/0.72/EVOLUCION/NASIO_1/I_16.txt -----------
N_variable	Media_variable	Err_variable	Log(variable)	Err_variable/Media_variable
1	8.30720060e-01	7.27920765e-03	-1.85462412e-01	8.76252783e-03
2	5.34704347e-01	1.86537491e-02	-6.26041307e-01	3.48860996e-02
3	2.89313681e-01	2.32923701e-02	-1.24024378e+00	8.05090516e-02
4	1.34946302e-01	2.06713538e-02	-2.00287834e+00	1.53182069e-01
5	5.47523668e-02	1.51134660e-02	-2.90493468e+00	2.76033108e-01
6	1.94182556e-02	1.02886655e-02	-3.94154165e+00	5.29844991e-01
7	6.05183362e-03	7.51940541e-03	-5.10739398e+00	1.24250035e+00
8	1.63077704e-03	6.28398107e-03	-6.41869867e+00	3.85336616e+00
9	4.13646520e-04	5.77383948e-03	-7.79049877e+00	1.39583901e+01
10	9.50104800e-05	5.41820260e-03	-9.26152336e+00	5.70274205e+01
11	6.12232400e-05	4.90463252e-03	-9.70098370e+00	8.01106332e+01

----------- Resultados_simulacion/MAIN/0.72/EVOLUCION/NASIO_1/I_17.txt -----------
N_variable	Media_variable	Err_variable	Log(variable)	Err_variable/Media_variable
1	8.30686898e-01	7.28114663e-03	-1.85502333e-01	8.76521184e-03
2	5.34621568e-01	1.86445472e-02	-6.26196131e-01	3.48742893e-02
3	2.89216027e-01	2.32556352e-02	-1.24058137e+00	8.04092201e-02
4	1.34915396e-01	2.06853001e-02	-2.00310739e+00	1.53320531e-01
5	5.46950594e-02	1.51266868e-02	-2.90598189e+00	2.76564044e-01
6	1.93524892e-02	1.03409899e-02	-3.94493423e+00	5.34349342e-01
7	5.98385696e-03	7.51858174e-03	-5.11868994e+00	1.25647752e+00
8	1.64619872e-03	6.26420077e-03	-6.40928645e+00	3.80525188e+00
9	3.80950760e-04	5.73267507e-03	-7.87284043e+00	1.50483361e+01
10	9.56785600e-05	5.45100794e-03	-9.25451632e+00	5.69720943e+01
11	8.53210000e-06	4.90168324e-03	-1.16716750e+01	5.74499037e+02

----------- Resultados_simulacion/MAIN/0.72/EVOLUCION/NASIO_1/I_18.txt -----------
N_variable	Media_variable	Err_variable	Log(variable)	Err_variable/Media_variable
1	8.30722778e-01	7.26324301e-03	-1.85459140e-01	8.74328140e-03
2	5.34731839e-01	1.86419236e-02	-6.25989894e-01	3.48621913e-02
3	2.89363200e-01	2.33064578e-02	-1.24007263e+00	8.05439594e-02
4	1.35017759e-01	2.07168558e-02	-2.00234896e+00	1.53438007e-01
5	5.48235243e-02	1.52049007e-02	-2.90363590e+00	2.77342634e-01
6	1.94149677e-02	1.03408230e-02	-3.94171098e+00	5.32621182e-01
7	5.98958466e-03	7.51982024e-03	-5.11773321e+00	1.25548275e+00
8	1.60559890e-03	6.27022202e-03	-6.43425845e+00	3.90522316e+00
9	3.91012160e-04	5.72186200e-03	-7.84677190e+00	1.46334631e+01
10	4.08308200e-05	5.45901241e-03	-1.01060734e+01	1.33698329e+02
11	-3.17883600e-05	4.90147753e-03	nan	-1.54190953e+02

----------- Resultados_simulacion/MAIN/0.72/EVOLUCION/NASIO_1/I_19.txt -----------
N_variable	Media_variable	Err_variable	Log(variable)	Err_variable/Media_variable
1	8.30785394e-01	7.24166812e-03	-1.85383768e-01	8.71665314e-03
2	5.34873857e-01	1.85573972e-02	-6.25724341e-01	3.46949042e-02
3	2.89514917e-01	2.31844877e-02	-1.23954846e+00	8.00804599e-02
4	1.35105318e-01	2.06508432e-02	-2.00170067e+00	1.52849965e-01
5	5.47816551e-02	1.51395419e-02	-2.90439990e+00	2.76361527e-01
6	1.94197551e-02	1.02872212e-02	-3.94146442e+00	5.29729706e-01
7	6.05467346e-03	7.54539778e-03	-5.10692483e+00	1.24621052e+00
8	1.64997676e-03	6.35131240e-03	-6.40699408e+00	3.84933446e+00
9	4.05522560e-04	5.75114827e-03	-7.81033405e+00	1.41820674e+01
10	8.28508400e-05	5.45534674e-03	-9.39846868e+00	6.58454004e+01
11	-1.25358200e-05	4.93808929e-03	nan	-3.93918330e+02

----------- Resultados_simulacion/MAIN/0.72/EVOLUCION/NASIO_1/I_20.txt -----------
N_variable	Media_variable	Err_variable	Log(variable)	Err_variable/Media_variable
1	8.30727812e-01	7.27072099e-03	-1.85453080e-01	8.75223014e-03
2	5.34750366e-01	1.86179316e-02	-6.25955246e-01	3.48161176e-02
3	2.89376194e-01	2.32529942e-02	-1.24002773e+00	8.03555879e-02
4	1.35035356e-01	2.06947993e-02	-2.00221864e+00	1.53254673e-01
5	5.48148124e-02	1.51348111e-02	-2.90379482e+00	2.76108053e-01
6	1.94287088e-02	1.03361316e-02	-3.94100347e+00	5.32003009e-01
7	6.01514530e-03	7.56022382e-03	-5.11347477e+00	1.25686470e+00
8	1.60380534e-03	6.33046177e-03	-6.43537614e+00	3.94715095e+00
9	4.03391160e-04	5.74752156e-03	-7.81560385e+00	1.42480107e+01
10	6.12431000e-05	5.45378567e-03	-9.70065937e+00	8.90514306e+01
11	9.28534000e-06	4.93071290e-03	-1.15870737e+01	5.31021255e+02

----------- Resultados_simulacion/MAIN/0.72/EVOLUCION/NASIO_1/I_21.txt -----------
N_variable	Media_variable	Err_variable	Log(variable)	Err_variable/Media_variable
1	8.30686737e-01	7.25405622e-03	-1.85502526e-01	8.73260147e-03
2	5.34628883e-01	1.86307819e-02	-6.26182449e-01	3.48480647e-02
3	2.89243226e-01	2.32855880e-02	-1.24048733e+00	8.05052145e-02
4	1.34912164e-01	2.06879260e-02	-2.00313135e+00	1.53343668e-01
5	5.47393140e-02	1.51836104e-02	-2.90517311e+00	2.77380356e-01
6	1.93671489e-02	1.03492343e-02	-3.94417700e+00	5.34370565e-01
7	5.97433202e-03	7.54826273e-03	-5.12028298e+00	1.26344882e+00
8	1.63966032e-03	6.32942736e-03	-6.41326618e+00	3.86020646e+00
9	4.07616000e-04	5.70209520e-03	-7.80518500e+00	1.39888895e+01
10	1.02491080e-04	5.45647173e-03	-9.18573479e+00	5.32385036e+01
11	7.28306000e-06	4.92483389e-03	-1.18299595e+01	6.76203944e+02

----------- Resultados_simulacion/MAIN/0.72/EVOLUCION/NASIO_1/I_22.txt -----------
N_variable	Media_variable	Err_variable	Log(variable)	Err_variable/Media_variable
1	8.30733173e-01	7.24327186e-03	-1.85446627e-01	8.71913160e-03
2	5.34725522e-01	1.86168884e-02	-6.26001707e-01	3.48157842e-02
3	2.89320651e-01	2.32565989e-02	-1.24021969e+00	8.03834735e-02
4	1.34957113e-01	2.06374254e-02	-2.00279823e+00	1.52918398e-01
5	5.46973227e-02	1.51071503e-02	-2.90594052e+00	2.76195425e-01
6	1.93873588e-02	1.03346221e-02	-3.94313403e+00	5.33059823e-01
7	6.00448850e-03	7.57164759e-03	-5.11524801e+00	1.26099793e+00
8	1.66272436e-03	6.31242041e-03	-6.39929784e+00	3.79643226e+00
9	4.04285480e-04	5.80533652e-03	-7.81338930e+00	1.43594980e+01
10	8.48481600e-05	5.47351852e-03	-9.37464725e+00	6.45095724e+01
11	-5.11886600e-05	4.91550058e-03	nan	-9.60271393e+01

----------- Resultados_simulacion/MAIN/0.72/EVOLUCION/NASIO_1/I_23.txt -----------
N_variable	Media_variable	Err_variable	Log(variable)	Err_variable/Media_variable
1	8.30752232e-01	7.27243630e-03	-1.85423685e-01	8.75403763e-03
2	5.34791026e-01	1.86405403e-02	-6.25879213e-01	3.48557463e-02
3	2.89360384e-01	2.32786079e-02	-1.24008236e+00	8.04484969e-02
4	1.34985362e-01	2.06717081e-02	-2.00258893e+00	1.53140368e-01
5	5.47341045e-02	1.50968606e-02	-2.90526828e+00	2.75821825e-01
6	1.93253726e-02	1.03269630e-02	-3.94633640e+00	5.34373291e-01
7	5.95792762e-03	7.55758034e-03	-5.12303257e+00	1.26849147e+00
8	1.55543944e-03	6.28197473e-03	-6.46599718e+00	4.03871380e+00
9	3.59501800e-04	5.76343768e-03	-7.93079137e+00	1.60317353e+01
10	5.59508000e-05	5.43653588e-03	-9.79103782e+00	9.71663654e+01
11	2.80497000e-05	4.90539610e-03	-1.04815326e+01	1.74882302e+02

----------- Resultados_simulacion/MAIN/0.72/EVOLUCION/NASIO_1/I_24.txt -----------
N_variable	Media_variable	Err_variable	Log(variable)	Err_variable/Media_variable
1	8.30737045e-01	7.29332137e-03	-1.85441966e-01	8.77933807e-03
2	5.34749287e-01	1.87012903e-02	-6.25957265e-01	3.49720715e-02
3	2.89389395e-01	2.33729856e-02	-1.23998211e+00	8.07665587e-02
4	1.35008040e-01	2.07354113e-02	-2.00242094e+00	1.53586492e-01
5	5.47606047e-02	1.51600886e-02	-2.90478424e+00	2.76842972e-01
6	1.94228077e-02	1.03711082e-02	-3.94130725e+00	5.33965449e-01
7	6.00465666e-03	7.59971196e-03	-5.11522000e+00	1.26563639e+00
8	1.62945344e-03	6.30649635e-03	-6.41951063e+00	3.87031393e+00
9	3.78884820e-04	5.76312817e-03	-7.87827830e+00	1.52107656e+01
10	8.09455800e-05	5.44299430e-03	-9.42173348e+00	6.72426376e+01
11	5.45530000e-06	4.93303255e-03	-1.21189229e+01	9.04264211e+02

----------- Resultados_simulacion/MAIN/0.72/EVOLUCION/NASIO_1/I_25.txt -----------
N_variable	Media_variable	Err_variable	Log(variable)	Err_variable/Media_variable
1	8.30729592e-01	7.26664330e-03	-1.85450938e-01	8.74730282e-03
2	5.34707834e-01	1.86397378e-02	-6.26034785e-01	3.48596685e-02
3	2.89336038e-01	2.32602479e-02	-1.24016650e+00	8.03918101e-02
4	1.34982665e-01	2.07006741e-02	-2.00260892e+00	1.53358020e-01
5	5.47520468e-02	1.51917214e-02	-2.90494053e+00	2.77463990e-01
6	1.93874301e-02	1.03697651e-02	-3.94313035e+00	5.34870534e-01
7	5.96649788e-03	7.56643160e-03	-5.12159514e+00	1.26815290e+00
8	1.59870620e-03	6.30349481e-03	-6.43856060e+00	3.94287256e+00
9	3.73262780e-04	5.71878925e-03	-7.89322788e+00	1.53210809e+01
10	9.13604400e-05	5.46324922e-03	-9.30069800e+00	5.97988497e+01
11	-2.71480000e-06	4.90411239e-03	nan	-1.80643598e+03

----------- Resultados_simulacion/MAIN/0.72/EVOLUCION/NASIO_1/I_26.txt -----------
N_variable	Media_variable	Err_variable	Log(variable)	Err_variable/Media_variable
1	8.30731255e-01	7.27301459e-03	-1.85448936e-01	8.75495480e-03
2	5.34737871e-01	1.86740020e-02	-6.25978612e-01	3.49217869e-02
3	2.89373570e-01	2.33499411e-02	-1.24003680e+00	8.06913399e-02
4	1.35031444e-01	2.07411139e-02	-2.00224761e+00	1.53602104e-01
5	5.47501345e-02	1.52118783e-02	-2.90497545e+00	2.77841844e-01
6	1.94168411e-02	1.03840538e-02	-3.94161449e+00	5.34796251e-01
7	6.03627978e-03	7.57192890e-03	-5.10996739e+00	1.25440324e+00
8	1.63221380e-03	6.28599922e-03	-6.41781803e+00	3.85121068e+00
9	3.58934460e-04	5.74806384e-03	-7.93237075e+00	1.60142435e+01
10	7.31275800e-05	5.47325890e-03	-9.52330497e+00	7.48453442e+01
11	-6.09290000e-06	4.90666091e-03	nan	-8.05307966e+02

----------- Resultados_simulacion/MAIN/0.72/EVOLUCION/NASIO_1/I_27.txt -----------
N_variable	Media_variable	Err_variable	Log(variable)	Err_variable/Media_variable
1	8.30705420e-01	7.27147935e-03	-1.85480036e-01	8.75337897e-03
2	5.34653221e-01	1.86805514e-02	-6.26136927e-01	3.49395658e-02
3	2.89250330e-01	2.33469740e-02	-1.24046277e+00	8.07154621e-02
4	1.34974525e-01	2.07535526e-02	-2.00266922e+00	1.53759034e-01
5	5.48000955e-02	1.51982430e-02	-2.90406334e+00	2.77339717e-01
6	1.94510101e-02	1.03175997e-02	-3.93985628e+00	5.30440304e-01
7	6.00846194e-03	7.51362545e-03	-5.11458648e+00	1.25050729e+00
8	1.62312894e-03	6.28283161e-03	-6.42339955e+00	3.87081485e+00
9	3.64268260e-04	5.76640444e-03	-7.91761998e+00	1.58301040e+01
10	5.84316400e-05	5.46914500e-03	-9.74765303e+00	9.35990330e+01
11	1.78620800e-05	4.87836819e-03	-1.09328305e+01	2.73113109e+02

----------- Resultados_simulacion/MAIN/0.72/EVOLUCION/NASIO_1/I_28.txt -----------
N_variable	Media_variable	Err_variable	Log(variable)	Err_variable/Media_variable
1	8.30723167e-01	7.26428553e-03	-1.85458672e-01	8.74453226e-03
2	5.34704132e-01	1.86431021e-02	-6.26041710e-01	3.48662017e-02
3	2.89250204e-01	2.32923929e-02	-1.24046321e+00	8.05267985e-02
4	1.34908680e-01	2.07052726e-02	-2.00315718e+00	1.53476208e-01
5	5.47066132e-02	1.51342984e-02	-2.90577068e+00	2.76644769e-01
6	1.93948766e-02	1.03447731e-02	-3.94274634e+00	5.33376589e-01
7	6.01697202e-03	7.53661252e-03	-5.11317113e+00	1.25255901e+00
8	1.62794072e-03	6.30150871e-03	-6.42043942e+00	3.87084654e+00
9	3.75090000e-04	5.76283169e-03	-7.88834456e+00	1.53638639e+01
10	7.12052000e-05	5.47717469e-03	-9.54994471e+00	7.69209929e+01
11	-2.29102800e-05	4.90626432e-03	nan	-2.14151216e+02

----------- Resultados_simulacion/MAIN/0.72/EVOLUCION/NASIO_1/I_29.txt -----------
N_variable	Media_variable	Err_variable	Log(variable)	Err_variable/Media_variable
1	8.30693020e-01	7.27762846e-03	-1.85494962e-01	8.76091201e-03
2	5.34630622e-01	1.86736547e-02	-6.26179196e-01	3.49281427e-02
3	2.89231955e-01	2.33144311e-02	-1.24052630e+00	8.06080748e-02
4	1.34924965e-01	2.06890336e-02	-2.00303647e+00	1.53337327e-01
5	5.47233381e-02	1.51798277e-02	-2.90546500e+00	2.77392211e-01
6	1.93955446e-02	1.03595909e-02	-3.94271190e+00	5.34122194e-01
7	6.05951328e-03	7.55149668e-03	-5.10612580e+00	1.24622166e+00
8	1.67008822e-03	6.29604514e-03	-6.39487883e+00	3.76988776e+00
9	4.22054580e-04	5.73346460e-03	-7.77037592e+00	1.35846520e+01
10	9.93810600e-05	5.44957025e-03	-9.21654901e+00	5.48350989e+01
11	-1.55152400e-05	4.91242189e-03	nan	-3.16619136e+02

----------- Resultados_simulacion/MAIN/0.72/EVOLUCION/NASIO_1/I_30.txt -----------
N_variable	Media_variable	Err_variable	Log(variable)	Err_variable/Media_variable
1	8.30770207e-01	7.25088395e-03	-1.85402049e-01	8.72790561e-03
2	5.34841581e-01	1.86269986e-02	-6.25784687e-01	3.48271325e-02
3	2.89446065e-01	2.33280656e-02	-1.23978630e+00	8.05955526e-02
4	1.35044465e-01	2.07644900e-02	-2.00215118e+00	1.53760393e-01
5	5.47866051e-02	1.51860764e-02	-2.90430955e+00	2.77185935e-01
6	1.93786631e-02	1.03795407e-02	-3.94358266e+00	5.35616962e-01
7	6.04766656e-03	7.57641037e-03	-5.10808277e+00	1.25278242e+00
8	1.62230688e-03	6.28280186e-03	-6.42390614e+00	3.87275795e+00
9	3.91897900e-04	5.77581416e-03	-7.84450921e+00	1.47380585e+01
10	6.64736000e-05	5.46216331e-03	-9.61870568e+00	8.21704151e+01
11	-3.87550000e-06	4.91311456e-03	nan	-1.26773695e+03

----------- Resultados_simulacion/MAIN/0.72/EVOLUCION/NASIO_1/I_31.txt -----------
N_variable	Media_variable	Err_variable	Log(variable)	Err_variable/Media_variable
1	8.30696153e-01	7.26000481e-03	-1.85491192e-01	8.73966346e-03
2	5.34621351e-01	1.86004364e-02	-6.26196538e-01	3.47917949e-02
3	2.89168792e-01	2.32197236e-02	-1.24074470e+00	8.02981657e-02
4	1.34878601e-01	2.06537803e-02	-2.00338015e+00	1.53128666e-01
5	5.47319203e-02	1.51462591e-02	-2.90530819e+00	2.76735386e-01
6	1.93610220e-02	1.03326456e-02	-3.94449341e+00	5.33682859e-01
7	6.01608006e-03	7.55872142e-03	-5.11331938e+00	1.25641969e+00
8	1.65546374e-03	6.27320471e-03	-6.40367410e+00	3.78939421e+00
9	3.86046660e-04	5.77271104e-03	-7.85955231e+00	1.49534024e+01
10	1.01109480e-04	5.41808626e-03	-9.19930667e+00	5.35863329e+01
11	-1.90051000e-05	4.89867377e-03	nan	-2.57755748e+02

----------- Resultados_simulacion/MAIN/0.72/EVOLUCION/NASIO_1/I_4.txt -----------
N_variable	Media_variable	Err_variable	Log(variable)	Err_variable/Media_variable
1	8.30635256e-01	7.25772313e-03	-1.85564502e-01	8.73755728e-03
2	5.34484511e-01	1.86010920e-02	-6.26452528e-01	3.48019290e-02
3	2.89053792e-01	2.32334340e-02	-1.24114248e+00	8.03775446e-02
4	1.34780766e-01	2.06605341e-02	-2.00410577e+00	1.53289929e-01
5	5.46638758e-02	1.51048118e-02	-2.90655219e+00	2.76321640e-01
6	1.93179310e-02	1.03226181e-02	-3.94672155e+00	5.34354226e-01
7	5.95455612e-03	7.54108195e-03	-5.12359862e+00	1.26643898e+00
8	1.57654422e-03	6.28553874e-03	-6.45252003e+00	3.98690926e+00
9	3.92106000e-04	5.74691277e-03	-7.84397835e+00	1.46565285e+01
10	6.65637200e-05	5.43205989e-03	-9.61735087e+00	8.16069158e+01
11	1.20338800e-05	4.89530305e-03	-1.13277846e+01	4.06793407e+02

----------- Resultados_simulacion/MAIN/0.72/EVOLUCION/NASIO_1/I_5.txt -----------
N_variable	Media_variable	Err_variable	Log(variable)	Err_variable/Media_variable
1	8.30691655e-01	7.29349740e-03	-1.85496606e-01	8.78002970e-03
2	5.34634797e-01	1.87022730e-02	-6.26171388e-01	3.49813987e-02
3	2.89203897e-01	2.32921102e-02	-1.24062331e+00	8.05387149e-02
4	1.34858239e-01	2.06595998e-02	-2.00353114e+00	1.53194940e-01
5	5.46761948e-02	1.50838100e-02	-2.90632686e+00	2.75875270e-01
6	1.93920952e-02	1.02773083e-02	-3.94288976e+00	5.29974105e-01
7	6.01479250e-03	7.52536205e-03	-5.11353343e+00	1.25114242e+00
8	1.61258162e-03	6.26722555e-03	-6.42991889e+00	3.88645479e+00
9	3.82251220e-04	5.72244425e-03	-7.86943252e+00	1.49703754e+01
10	6.99361000e-05	5.47512117e-03	-9.56792859e+00	7.82874819e+01
11	2.92747600e-05	4.91628744e-03	-1.04387848e+01	1.67936046e+02

----------- Resultados_simulacion/MAIN/0.72/EVOLUCION/NASIO_1/I_6.txt -----------
N_variable	Media_variable	Err_variable	Log(variable)	Err_variable/Media_variable
1	8.30743571e-01	7.23326022e-03	-1.85434111e-01	8.70697105e-03
2	5.34749216e-01	1.85737141e-02	-6.25957397e-01	3.47335040e-02
3	2.89359380e-01	2.32098317e-02	-1.24008583e+00	8.02110914e-02
4	1.34944417e-01	2.06568301e-02	-2.00289231e+00	1.53076583e-01
5	5.47083310e-02	1.51004799e-02	-2.90573928e+00	2.76017922e-01
6	1.92922781e-02	1.03235292e-02	-3.94805036e+00	5.35111985e-01
7	5.89582726e-03	7.54332544e-03	-5.13351042e+00	1.27943461e+00
8	1.58977478e-03	6.28826185e-03	-6.44416292e+00	3.95544195e+00
9	3.68257940e-04	5.73000786e-03	-7.90672694e+00	1.55597673e+01
10	1.05950460e-04	5.44913242e-03	-9.15253893e+00	5.14309463e+01
11	-1.18919400e-05	4.90518265e-03	nan	-4.12479600e+02

----------- Resultados_simulacion/MAIN/0.72/EVOLUCION/NASIO_1/I_7.txt -----------
N_variable	Media_variable	Err_variable	Log(variable)	Err_variable/Media_variable
1	8.30745979e-01	7.27678952e-03	-1.85431212e-01	8.75934365e-03
2	5.34741166e-01	1.86718059e-02	-6.25972452e-01	3.49174650e-02
3	2.89333918e-01	2.33641071e-02	-1.24017383e+00	8.07513593e-02
4	1.35021840e-01	2.07722400e-02	-2.00231873e+00	1.53843556e-01
5	5.48124286e-02	1.51714928e-02	-2.90383831e+00	2.76789282e-01
6	1.94236579e-02	1.03419437e-02	-3.94126348e+00	5.32440581e-01
7	6.01103168e-03	7.56368481e-03	-5.11415888e+00	1.25830061e+00
8	1.62959892e-03	6.27348770e-03	-6.41942136e+00	3.84971273e+00
9	4.06246960e-04	5.74658457e-03	-7.80854931e+00	1.41455448e+01
10	7.82434400e-05	5.48789559e-03	-9.45568557e+00	7.01387310e+01
11	-8.44126000e-06	4.91110347e-03	nan	-5.81797441e+02

----------- Resultados_simulacion/MAIN/0.72/EVOLUCION/NASIO_1/I_8.txt -----------
N_variable	Media_variable	Err_variable	Log(variable)	Err_variable/Media_variable
1	8.30752432e-01	7.24384802e-03	-1.85423445e-01	8.71962301e-03
2	5.34790912e-01	1.86041346e-02	-6.25879427e-01	3.47876791e-02
3	2.89413036e-01	2.32582770e-02	-1.23990042e+00	8.03636121e-02
4	1.35038793e-01	2.06718053e-02	-2.00219319e+00	1.53080495e-01
5	5.48228214e-02	1.51126779e-02	-2.90364872e+00	2.75663993e-01
6	1.94340547e-02	1.03062599e-02	-3.94072836e+00	5.30319590e-01
7	6.02803226e-03	7.52391199e-03	-5.11133465e+00	1.24815390e+00
8	1.60785804e-03	6.28903145e-03	-6.43285240e+00	3.91143452e+00
9	3.51276920e-04	5.71452600e-03	-7.95393570e+00	1.62678664e+01
10	1.56565800e-05	5.44513915e-03	-1.10646193e+01	3.47785989e+02
11	1.74573200e-05	4.90977975e-03	-1.09557515e+01	2.81244759e+02

----------- Resultados_simulacion/MAIN/0.72/EVOLUCION/NASIO_1/I_9.txt -----------
N_variable	Media_variable	Err_variable	Log(variable)	Err_variable/Media_variable
1	8.30780725e-01	7.23740629e-03	-1.85389387e-01	8.71157222e-03
2	5.34887980e-01	1.85515379e-02	-6.25697937e-01	3.46830339e-02
3	2.89517123e-01	2.31372535e-02	-1.23954084e+00	7.99167013e-02
4	1.35111333e-01	2.05873582e-02	-2.00165615e+00	1.52373290e-01
5	5.48400237e-02	1.50215799e-02	-2.90333499e+00	2.73916364e-01
6	1.94244794e-02	1.02296060e-02	-3.94122119e+00	5.26634761e-01
7	6.00919458e-03	7.48449852e-03	-5.11446455e+00	1.24550777e+00
8	1.60893138e-03	6.29647357e-03	-6.43218506e+00	3.91345066e+00
9	3.67885500e-04	5.74242042e-03	-7.90773881e+00	1.56092600e+01
10	1.14239840e-04	5.46176297e-03	-9.07721046e+00	4.78096168e+01
11	-3.16158000e-05	4.92438199e-03	nan	-1.55756995e+02

