# tiempo	energia_plaqueta	O10	magnetizacion
1	0.366995	0.000000	-0.004726
2	0.522762	0.000000	0.000723
3	0.618731	0.000000	-0.000434
4	0.674961	0.000000	0.004196
5	0.711420	0.000000	0.001784
6	0.735436	0.000000	0.003810
7	0.752894	0.000000	0.002508
8	0.766011	0.000000	0.009742
9	0.780382	0.000000	0.001736
10	0.781636	0.000000	0.010176
11	0.783565	0.000000	0.013792
12	0.787326	0.000000	0.009500
13	0.798322	0.000000	0.006944
14	0.804591	0.000000	0.005932
15	0.812404	0.000000	0.005305
16	0.809703	0.000000	0.002604
17	0.812114	0.000000	0.006366
18	0.809028	0.000000	0.002701
19	0.814718	0.000000	0.005883
20	0.817130	0.000000	0.002025
21	0.814911	0.000000	0.003086
22	0.818769	0.000000	-0.002604
23	0.820409	0.000000	-0.004581
24	0.821566	0.000000	-0.003906
25	0.825424	0.000000	-0.008584
26	0.820120	0.000000	-0.008970
27	0.817708	0.000000	-0.009886
28	0.828704	0.000000	-0.006076
29	0.825039	0.000000	-0.008295
30	0.826582	0.000000	-0.005257
31	0.831308	0.000000	-0.002411
32	0.827836	0.000000	-0.001447
33	0.831887	0.000000	-0.001254
34	0.825231	0.000000	-0.001013
35	0.830633	0.000000	0.001061
36	0.826196	0.000000	0.002508
37	0.831597	0.000000	0.002942
38	0.823302	0.000000	0.005257
39	0.822531	0.000000	0.004437
40	0.822724	0.000000	0.001736
41	0.824942	0.000000	0.002942
42	0.829668	0.000000	-0.001736
43	0.828511	0.000000	0.001109
44	0.826100	0.000000	-0.000530
45	0.829572	0.000000	0.001591
46	0.831501	0.000000	-0.002025
47	0.831501	0.000000	0.001495
48	0.831019	0.000000	0.001447
49	0.830150	0.000000	0.002363
50	0.826968	0.000000	0.001061
51	0.828318	0.000000	-0.001109
52	0.828607	0.000000	-0.005353
53	0.823881	0.000000	-0.002363
54	0.826775	0.000000	-0.001206
55	0.822917	0.000000	0.001302
56	0.812982	0.000000	-0.004292
57	0.825714	0.000000	-0.002267
58	0.827064	0.000000	-0.001254
59	0.824653	0.000000	-0.002894
60	0.823688	0.000000	-0.004196
61	0.823399	0.000000	-0.000482
62	0.821373	0.000000	-0.000289
63	0.813561	0.000000	-0.004244
64	0.814043	0.000000	0.000241
65	0.822531	0.000000	-0.002652
66	0.822434	0.000000	-0.000772
67	0.825231	0.000000	0.000289
68	0.826582	0.000000	-0.002267
69	0.828993	0.000000	0.000193
70	0.822434	0.000000	-0.003086
71	0.825617	0.000000	0.000579
72	0.831694	0.000000	-0.000482
73	0.832755	0.000000	0.001881
74	0.834780	0.000000	-0.002411
75	0.832562	0.000000	-0.001061
76	0.834298	0.000000	-0.002894
77	0.831694	0.000000	-0.001784
78	0.831887	0.000000	0.000530
79	0.835648	0.000000	-0.001254
80	0.836227	0.000000	-0.001640
81	0.837577	0.000000	-0.004967
82	0.837288	0.000000	-0.003231
83	0.829765	0.000000	-0.000579
84	0.827932	0.000000	0.003472
85	0.826389	0.000000	0.005112
86	0.830633	0.000000	0.003231
87	0.833816	0.000000	0.002170
88	0.834587	0.000000	-0.000289
89	0.834298	0.000000	-0.000965
90	0.836902	0.000000	0.000193
91	0.837288	0.000000	-0.002267
92	0.836227	0.000000	-0.003858
93	0.832658	0.000000	-0.003617
94	0.837770	0.000000	-0.006125
95	0.840278	0.000000	-0.002604
96	0.844715	0.000000	-0.005980
97	0.844522	0.000000	-0.007234
98	0.838831	0.000000	-0.006269
99	0.845004	0.000000	-0.004485
100	0.849344	0.000000	-0.006318
101	0.846644	0.000000	-0.007137
102	0.841725	0.000000	-0.003279
103	0.841435	0.000000	-0.002170
104	0.840181	0.000000	-0.001302
105	0.839892	0.000000	-0.000241
106	0.833044	0.000000	0.000241
107	0.832369	0.000000	-0.001157
108	0.837867	0.000000	-0.004196
109	0.836227	0.000000	-0.000289
110	0.838735	0.000000	-0.004051
111	0.841917	0.000000	0.000145
112	0.837095	0.000000	0.004003
113	0.835069	0.000000	0.005449
114	0.839313	0.000000	0.001881
115	0.842593	0.000000	0.004533
116	0.838927	0.000000	0.003183
117	0.840567	0.000000	0.004292
118	0.844715	0.000000	0.006125
119	0.841242	0.000000	0.004871
120	0.833044	0.000000	0.001543
121	0.835166	0.000000	0.004099
122	0.829861	0.000000	0.002315
123	0.834973	0.000000	0.004244
124	0.837867	0.000000	0.001591
125	0.837577	0.000000	0.006800
126	0.836516	0.000000	0.002845
127	0.839988	0.000000	0.000723
128	0.839120	0.000000	0.001929
129	0.836613	0.000000	-0.000193
130	0.835745	0.000000	0.001543
131	0.835455	0.000000	0.000386
132	0.832465	0.000000	0.001399
133	0.831983	0.000000	0.002942
134	0.820120	0.000000	-0.000048
135	0.820409	0.000000	0.002459
136	0.815586	0.000000	-0.002701
137	0.822917	0.000000	-0.003038
138	0.820313	0.000000	-0.002411
139	0.819927	0.000000	0.001591
140	0.821084	0.000000	0.004147
141	0.818287	0.000000	0.000965
142	0.824267	0.000000	0.003424
143	0.823881	0.000000	0.004244
144	0.827643	0.000000	0.001109
145	0.824556	0.000000	0.003569
146	0.825424	0.000000	0.006752
147	0.819637	0.000000	0.008054
148	0.825039	0.000000	0.008488
149	0.830054	0.000000	0.010995
150	0.829282	0.000000	0.008825
151	0.830150	0.000000	0.004726
152	0.828221	0.000000	0.002701
153	0.832948	0.000000	0.001447
154	0.827450	0.000000	0.001543
155	0.825328	0.000000	-0.000434
156	0.828029	0.000000	0.001736
157	0.826775	0.000000	0.003617
158	0.829861	0.000000	-0.003086
159	0.825328	0.000000	-0.000048
160	0.821566	0.000000	-0.004051
161	0.827160	0.000000	0.000579
162	0.822338	0.000000	-0.000434
163	0.814718	0.000000	-0.002315
164	0.819252	0.000000	-0.002170
165	0.820795	0.000000	-0.002701
166	0.823592	0.000000	0.000965
167	0.822627	0.000000	-0.002990
168	0.822724	0.000000	0.001881
169	0.825907	0.000000	0.001399
170	0.823688	0.000000	-0.000145
171	0.819734	0.000000	0.002025
172	0.820602	0.000000	0.000338
173	0.821084	0.000000	-0.000434
174	0.826389	0.000000	0.001977
175	0.826968	0.000000	-0.001688
176	0.828318	0.000000	-0.000434
177	0.833140	0.000000	-0.000772
178	0.835166	0.000000	0.004051
179	0.833912	0.000000	0.001929
180	0.839313	0.000000	0.001929
181	0.837288	0.000000	0.002797
182	0.839217	0.000000	0.001977
183	0.836227	0.000000	0.004389
184	0.838156	0.000000	0.004823
185	0.840760	0.000000	0.002411
186	0.836516	0.000000	0.005112
187	0.839506	0.000000	0.004823
188	0.833623	0.000000	0.007282
189	0.840664	0.000000	0.006173
190	0.844907	0.000000	0.008295
191	0.846451	0.000000	0.008150
192	0.843364	0.000000	0.006221
193	0.833912	0.000000	0.005835
194	0.831597	0.000000	0.008391
195	0.834105	0.000000	0.007909
196	0.821084	0.000000	0.005353
197	0.820988	0.000000	0.002749
198	0.824267	0.000000	0.001784
199	0.824653	0.000000	0.001929
200	0.818383	0.000000	-0.000675
201	0.818287	0.000000	0.002411
202	0.824363	0.000000	0.002170
203	0.825328	0.000000	0.000193
204	0.824363	0.000000	0.000096
205	0.826292	0.000000	-0.000289
206	0.828800	0.000000	-0.004340
207	0.825907	0.000000	-0.004823
208	0.833623	0.000000	0.000048
209	0.832369	0.000000	-0.003279
210	0.834394	0.000000	-0.001736
211	0.828800	0.000000	0.002267
212	0.830150	0.000000	0.002315
213	0.831115	0.000000	0.001736
214	0.836613	0.000000	0.004340
215	0.840374	0.000000	0.002990
216	0.841242	0.000000	0.002363
217	0.838059	0.000000	-0.002267
218	0.840471	0.000000	-0.000627
219	0.842785	0.000000	0.002025
220	0.844522	0.000000	0.003231
221	0.839699	0.000000	0.005257
222	0.833044	0.000000	0.006559
223	0.838445	0.000000	0.003328
224	0.838735	0.000000	0.003954
225	0.836227	0.000000	0.004967
226	0.830440	0.000000	0.010947
227	0.833333	0.000000	0.001543
228	0.827932	0.000000	0.004003
229	0.828511	0.000000	0.002363
230	0.828029	0.000000	0.002074
231	0.827932	0.000000	0.001736
232	0.828704	0.000000	-0.000338
233	0.828125	0.000000	0.002267
234	0.837095	0.000000	0.002604
235	0.840085	0.000000	-0.003665
236	0.834587	0.000000	-0.002604
237	0.844136	0.000000	-0.002170
238	0.840278	0.000000	-0.000482
239	0.840567	0.000000	-0.001591
240	0.835648	0.000000	-0.005160
241	0.834105	0.000000	-0.005883
242	0.833816	0.000000	-0.004823
243	0.833140	0.000000	-0.006173
244	0.836902	0.000000	-0.001591
245	0.833333	0.000000	-0.001302
246	0.834587	0.000000	-0.002845
247	0.833623	0.000000	-0.000434
248	0.831983	0.000000	-0.001061
249	0.832465	0.000000	-0.004581
250	0.833623	0.000000	-0.005015
251	0.834684	0.000000	-0.000338
252	0.827932	0.000000	0.000916
253	0.831887	0.000000	-0.004485
254	0.827160	0.000000	-0.000530
255	0.827739	0.000000	0.000530
256	0.835359	0.000000	0.004003
257	0.837191	0.000000	0.003954
258	0.839024	0.000000	0.008873
259	0.832176	0.000000	0.010176
260	0.831983	0.000000	0.008584
261	0.836227	0.000000	0.014419
262	0.837577	0.000000	0.011622
263	0.836516	0.000000	0.009790
264	0.842978	0.000000	0.008777
265	0.836613	0.000000	0.009500
266	0.838349	0.000000	0.008439
267	0.830440	0.000000	0.004774
268	0.827257	0.000000	0.008681
269	0.831597	0.000000	0.009886
270	0.835069	0.000000	0.003665
271	0.840471	0.000000	0.006896
272	0.844618	0.000000	0.007427
273	0.843846	0.000000	0.009404
274	0.841917	0.000000	0.009356
275	0.849826	0.000000	0.009934
276	0.845197	0.000000	0.007234
277	0.853009	0.000000	0.003858
278	0.847801	0.000000	0.000627
279	0.850502	0.000000	-0.000675
280	0.848669	0.000000	0.002170
281	0.848958	0.000000	0.004051
282	0.850694	0.000000	0.000000
283	0.837770	0.000000	0.001206
284	0.840664	0.000000	0.004051
285	0.838831	0.000000	0.001109
286	0.841821	0.000000	0.001640
287	0.839024	0.000000	-0.000627
288	0.839217	0.000000	0.001688
289	0.841628	0.000000	0.000241
290	0.839892	0.000000	-0.002363
291	0.840567	0.000000	0.002749
292	0.837963	0.000000	-0.001302
293	0.838831	0.000000	-0.002074
294	0.835552	0.000000	-0.009066
295	0.845100	0.000000	-0.009259
296	0.843075	0.000000	-0.006607
297	0.842785	0.000000	-0.007427
298	0.842593	0.000000	-0.005401
299	0.841725	0.000000	-0.007909
300	0.834684	0.000000	-0.009597
301	0.835841	0.000000	-0.007813
302	0.835938	0.000000	-0.006414
303	0.839120	0.000000	-0.003810
304	0.845486	0.000000	-0.000338
305	0.841435	0.000000	-0.004051
306	0.843171	0.000000	-0.004871
307	0.837867	0.000000	-0.007957
308	0.836998	0.000000	-0.008005
309	0.842400	0.000000	-0.003617
310	0.835262	0.000000	-0.003424
311	0.829572	0.000000	-0.003424
312	0.834684	0.000000	-0.006269
313	0.831694	0.000000	-0.002218
314	0.837963	0.000000	-0.005208
315	0.835841	0.000000	-0.002990
316	0.839410	0.000000	-0.001881
317	0.843075	0.000000	-0.005160
318	0.845293	0.000000	-0.002122
319	0.842400	0.000000	0.002363
320	0.837481	0.000000	-0.000048
321	0.835262	0.000000	0.004340
322	0.835938	0.000000	0.004437
323	0.838059	0.000000	0.002170
324	0.833140	0.000000	0.002556
325	0.832465	0.000000	0.000868
326	0.830440	0.000000	0.001784
327	0.834008	0.000000	0.002604
328	0.832272	0.000000	0.004485
329	0.840374	0.000000	0.005208
330	0.845968	0.000000	0.005980
331	0.838831	0.000000	0.005932
332	0.834973	0.000000	0.005642
333	0.836902	0.000000	0.005498
334	0.834973	0.000000	0.003906
335	0.833912	0.000000	0.002797
336	0.834491	0.000000	0.002170
337	0.835938	0.000000	-0.002942
338	0.842593	0.000000	0.000193
339	0.841242	0.000000	0.002411
340	0.841146	0.000000	0.002894
341	0.847222	0.000000	0.003183
342	0.839796	0.000000	-0.000145
343	0.839120	0.000000	0.002797
344	0.838542	0.000000	0.003038
345	0.841532	0.000000	0.003231
346	0.843654	0.000000	0.001784
347	0.832948	0.000000	0.004389
348	0.825231	0.000000	0.004099
349	0.826003	0.000000	0.001929
350	0.825810	0.000000	0.003328
351	0.829090	0.000000	0.000965
352	0.819444	0.000000	0.000386
353	0.820120	0.000000	-0.000193
354	0.820505	0.000000	-0.002074
355	0.823302	0.000000	-0.002701
356	0.822145	0.000000	0.000096
357	0.824942	0.000000	-0.000048
358	0.828607	0.000000	0.004823
359	0.834587	0.000000	0.007813
360	0.829861	0.000000	0.006703
361	0.829282	0.000000	0.003906
362	0.830150	0.000000	0.004051
363	0.831308	0.000000	-0.001688
364	0.827643	0.000000	0.003135
365	0.823399	0.000000	0.005257
366	0.821566	0.000000	0.007041
367	0.820602	0.000000	0.006655
368	0.819348	0.000000	0.006800
369	0.819155	0.000000	0.003906
370	0.824171	0.000000	0.004726
371	0.825617	0.000000	0.007427
372	0.826292	0.000000	0.004437
373	0.826968	0.000000	0.004919
374	0.831694	0.000000	0.002797
375	0.832176	0.000000	0.002363
376	0.837674	0.000000	0.000145
377	0.831308	0.000000	0.002218
378	0.832272	0.000000	0.001495
379	0.832851	0.000000	0.001688
380	0.831019	0.000000	0.003906
381	0.825617	0.000000	0.005064
382	0.825424	0.000000	0.004003
383	0.828511	0.000000	0.001254
384	0.823013	0.000000	0.003231
385	0.828897	0.000000	-0.000193
386	0.830922	0.000000	-0.001591
387	0.830343	0.000000	-0.004678
388	0.831597	0.000000	-0.000434
389	0.833333	0.000000	-0.008681
390	0.830633	0.000000	-0.008729
391	0.831887	0.000000	-0.004003
392	0.827643	0.000000	-0.006462
393	0.823302	0.000000	-0.009790
394	0.830826	0.000000	-0.006559
395	0.828318	0.000000	-0.003376
396	0.826100	0.000000	-0.002363
397	0.829572	0.000000	-0.001399
398	0.819252	0.000000	-0.006173
399	0.820120	0.000000	-0.008777
400	0.831983	0.000000	-0.008729
401	0.831404	0.000000	-0.006848
402	0.832176	0.000000	-0.002363
403	0.826775	0.000000	-0.000096
404	0.823495	0.000000	-0.003135
405	0.831115	0.000000	-0.004967
406	0.829765	0.000000	-0.007571
407	0.822724	0.000000	-0.010610
408	0.826775	0.000000	-0.012828
409	0.821181	0.000000	-0.011140
410	0.824942	0.000000	-0.009500
411	0.825039	0.000000	-0.008247
412	0.827064	0.000000	-0.008005
413	0.825810	0.000000	-0.009549
414	0.828704	0.000000	-0.003713
415	0.826968	0.000000	-0.000965
416	0.827064	0.000000	-0.004196
417	0.828607	0.000000	-0.003086
418	0.827353	0.000000	-0.004581
419	0.833044	0.000000	-0.002267
420	0.833719	0.000000	-0.003810
421	0.831308	0.000000	-0.005160
422	0.832948	0.000000	-0.004967
423	0.826678	0.000000	-0.007957
424	0.831019	0.000000	-0.003810
425	0.837095	0.000000	0.002411
426	0.833623	0.000000	-0.001399
427	0.833237	0.000000	-0.003086
428	0.834008	0.000000	0.002170
429	0.833912	0.000000	0.001495
430	0.828704	0.000000	0.001929
431	0.824171	0.000000	0.002074
432	0.822531	0.000000	0.002315
433	0.820602	0.000000	0.003376
434	0.825135	0.000000	0.003424
435	0.824942	0.000000	0.006076
436	0.817805	0.000000	0.004437
437	0.821952	0.000000	0.001640
438	0.811343	0.000000	-0.004099
439	0.816262	0.000000	-0.006269
440	0.816165	0.000000	-0.002411
441	0.813175	0.000000	-0.002508
442	0.815779	0.000000	-0.001543
443	0.817323	0.000000	-0.000193
444	0.820023	0.000000	-0.005160
445	0.825135	0.000000	-0.001157
446	0.822531	0.000000	0.004051
447	0.820988	0.000000	0.005160
448	0.825521	0.000000	0.005064
449	0.822917	0.000000	0.005546
450	0.821856	0.000000	0.004774
451	0.824460	0.000000	0.006559
452	0.825907	0.000000	0.008102
453	0.829475	0.000000	0.006173
454	0.836709	0.000000	0.004774
455	0.827643	0.000000	0.004871
456	0.825039	0.000000	0.003713
457	0.827932	0.000000	0.004774
458	0.837191	0.000000	0.000627
459	0.832079	0.000000	0.003135
460	0.829186	0.000000	0.000193
461	0.825231	0.000000	0.004292
462	0.816937	0.000000	0.001399
463	0.818383	0.000000	0.002942
464	0.817708	0.000000	0.004244
465	0.819348	0.000000	0.005498
466	0.819252	0.000000	0.001254
467	0.815972	0.000000	0.000627
468	0.819541	0.000000	0.004389
469	0.821952	0.000000	0.005208
470	0.827643	0.000000	0.001591
471	0.830440	0.000000	-0.001254
472	0.838445	0.000000	0.002845
473	0.832272	0.000000	0.001929
474	0.829765	0.000000	0.003472
475	0.828221	0.000000	-0.000386
476	0.829475	0.000000	-0.001736
477	0.828993	0.000000	0.000530
478	0.819252	0.000000	-0.000482
479	0.826389	0.000000	-0.004340
480	0.825617	0.000000	-0.003231
481	0.828414	0.000000	-0.000434
482	0.834201	0.000000	-0.003617
483	0.833430	0.000000	-0.004823
484	0.834973	0.000000	-0.007523
485	0.833623	0.000000	-0.005835
486	0.831115	0.000000	-0.006173
487	0.832948	0.000000	-0.004340
488	0.833430	0.000000	-0.006366
489	0.825521	0.000000	-0.006318
490	0.829572	0.000000	-0.006800
491	0.828800	0.000000	-0.010754
492	0.829765	0.000000	-0.007909
493	0.837963	0.000000	-0.007571
494	0.840181	0.000000	-0.011044
495	0.840760	0.000000	-0.009934
496	0.836130	0.000000	-0.005498
497	0.836613	0.000000	-0.005401
498	0.842978	0.000000	-0.007282
499	0.840374	0.000000	-0.006173
500	0.839120	0.000000	-0.006703
501	0.837963	0.000000	-0.006655
502	0.839506	0.000000	-0.007475
503	0.844811	0.000000	-0.004726
504	0.841821	0.000000	-0.008488
505	0.832176	0.000000	-0.006125
506	0.830343	0.000000	-0.004726
507	0.828318	0.000000	-0.004147
508	0.827160	0.000000	-0.005883
509	0.832658	0.000000	-0.010127
510	0.834394	0.000000	-0.004774
511	0.832851	0.000000	-0.004292
512	0.836613	0.000000	-0.002942
513	0.838252	0.000000	-0.001206
514	0.834201	0.000000	-0.000530
515	0.834201	0.000000	-0.001447
516	0.831694	0.000000	-0.001736
517	0.833912	0.000000	-0.001881
518	0.834877	0.000000	-0.001109
519	0.833912	0.000000	0.000530
520	0.829861	0.000000	-0.006462
521	0.829090	0.000000	-0.013455
522	0.832755	0.000000	-0.003231
523	0.835359	0.000000	-0.001447
524	0.833623	0.000000	-0.004823
525	0.828993	0.000000	-0.001640
526	0.828318	0.000000	-0.002701
527	0.835841	0.000000	0.001881
528	0.827160	0.000000	0.003906
529	0.829475	0.000000	0.005449
530	0.825907	0.000000	0.001784
531	0.820216	0.000000	0.000434
532	0.826100	0.000000	-0.002363
533	0.820409	0.000000	0.001591
534	0.815972	0.000000	-0.001109
535	0.819444	0.000000	0.001833
536	0.822531	0.000000	-0.002411
537	0.823206	0.000000	-0.001784
538	0.822917	0.000000	-0.000965
539	0.830922	0.000000	-0.001447
540	0.825617	0.000000	0.003279
541	0.824074	0.000000	0.004340
542	0.828414	0.000000	0.004919
543	0.824267	0.000000	0.008584
544	0.830922	0.000000	0.006414
545	0.834684	0.000000	0.006993
546	0.834877	0.000000	0.006125
547	0.836323	0.000000	0.010079
548	0.837481	0.000000	0.008729
549	0.831404	0.000000	0.007813
550	0.834008	0.000000	0.005642
551	0.830440	0.000000	0.003617
552	0.828800	0.000000	0.000530
553	0.823785	0.000000	0.004051
554	0.821373	0.000000	0.005835
555	0.825039	0.000000	0.006559
556	0.830054	0.000000	0.004630
557	0.831019	0.000000	0.006125
558	0.829765	0.000000	0.005015
559	0.840085	0.000000	0.005739
560	0.835938	0.000000	0.003665
561	0.838349	0.000000	0.004051
562	0.835745	0.000000	0.004871
563	0.844811	0.000000	0.002749
564	0.840085	0.000000	0.003617
565	0.826196	0.000000	0.003279
566	0.829379	0.000000	0.007475
567	0.829475	0.000000	0.003231
568	0.833623	0.000000	0.001013
569	0.834008	0.000000	0.002122
570	0.830054	0.000000	0.002170
571	0.828607	0.000000	0.000193
572	0.823206	0.000000	0.002170
573	0.825135	0.000000	-0.002604
574	0.826485	0.000000	0.001640
575	0.829958	0.000000	0.000627
576	0.822145	0.000000	-0.002267
577	0.826871	0.000000	-0.003231
578	0.828125	0.000000	0.002170
579	0.826775	0.000000	0.002025
580	0.830633	0.000000	-0.000096
581	0.830729	0.000000	0.001784
582	0.837288	0.000000	0.002363
583	0.837481	0.000000	0.003038
584	0.839410	0.000000	0.002604
585	0.836806	0.000000	0.002797
586	0.841725	0.000000	0.006559
587	0.839024	0.000000	0.002170
588	0.837288	0.000000	0.001495
589	0.834780	0.000000	0.003906
590	0.839892	0.000000	0.002218
591	0.839506	0.000000	0.001495
592	0.842110	0.000000	0.007330
593	0.842785	0.000000	0.002363
594	0.841146	0.000000	0.005835
595	0.847704	0.000000	0.005401
596	0.838445	0.000000	0.009259
597	0.842207	0.000000	0.003376
598	0.838638	0.000000	0.004774
599	0.836902	0.000000	0.000241
600	0.831404	0.000000	0.000145
601	0.836420	0.000000	0.000868
602	0.832465	0.000000	-0.004533
603	0.832176	0.000000	-0.003906
604	0.828221	0.000000	-0.005160
605	0.832658	0.000000	-0.002556
606	0.834105	0.000000	-0.001543
607	0.827932	0.000000	0.002701
608	0.829090	0.000000	0.006703
609	0.835069	0.000000	0.000338
610	0.836516	0.000000	-0.000916
611	0.835069	0.000000	0.000675
612	0.832176	0.000000	0.001977
613	0.831308	0.000000	0.002315
614	0.827257	0.000000	-0.000868
615	0.834008	0.000000	-0.001736
616	0.829958	0.000000	0.002122
617	0.835841	0.000000	0.000289
618	0.838927	0.000000	-0.000096
619	0.839217	0.000000	0.000289
620	0.841435	0.000000	0.003665
621	0.842785	0.000000	0.002942
622	0.842303	0.000000	0.001784
623	0.842400	0.000000	0.000530
624	0.843075	0.000000	-0.004244
625	0.840181	0.000000	0.000048
626	0.834780	0.000000	0.002701
627	0.834105	0.000000	0.003520
628	0.838735	0.000000	0.002749
629	0.839988	0.000000	0.006269
630	0.838638	0.000000	0.004485
631	0.834105	0.000000	0.001688
632	0.833912	0.000000	0.001929
633	0.829186	0.000000	0.001206
634	0.828993	0.000000	0.000386
635	0.825714	0.000000	-0.002508
636	0.826292	0.000000	0.003713
637	0.828414	0.000000	0.001206
638	0.829090	0.000000	0.005064
639	0.826003	0.000000	0.005883
640	0.824363	0.000000	0.002267
641	0.818576	0.000000	-0.000096
642	0.824749	0.000000	0.003231
643	0.822049	0.000000	0.006076
644	0.824653	0.000000	0.007378
645	0.826196	0.000000	0.004340
646	0.825135	0.000000	0.007523
647	0.824267	0.000000	0.007427
648	0.826100	0.000000	0.006318
649	0.832176	0.000000	0.001977
650	0.833912	0.000000	0.005932
651	0.833044	0.000000	0.003038
652	0.826292	0.000000	0.005112
653	0.827643	0.000000	-0.000434
654	0.822049	0.000000	0.002025
655	0.825039	0.000000	-0.001350
656	0.826196	0.000000	0.000482
657	0.814911	0.000000	0.004678
658	0.818480	0.000000	0.003038
659	0.822724	0.000000	0.003713
660	0.825617	0.000000	0.002845
661	0.826678	0.000000	-0.000916
662	0.826003	0.000000	-0.002797
663	0.830826	0.000000	-0.005160
664	0.826968	0.000000	-0.005691
665	0.826196	0.000000	-0.008970
666	0.826775	0.000000	-0.006414
667	0.829668	0.000000	-0.003376
668	0.826871	0.000000	-0.000916
669	0.830633	0.000000	-0.001543
670	0.828221	0.000000	-0.004919
671	0.832562	0.000000	-0.007668
672	0.837095	0.000000	-0.010368
673	0.831019	0.000000	-0.013117
674	0.828125	0.000000	-0.012539
675	0.825617	0.000000	-0.013937
676	0.830150	0.000000	-0.013744
677	0.832562	0.000000	-0.015818
678	0.831694	0.000000	-0.014998
679	0.826100	0.000000	-0.015577
680	0.823302	0.000000	-0.014468
681	0.820795	0.000000	-0.016059
682	0.822917	0.000000	-0.017892
683	0.822145	0.000000	-0.012828
684	0.825231	0.000000	-0.012249
685	0.829958	0.000000	-0.011429
686	0.828704	0.000000	-0.009066
687	0.829186	0.000000	-0.005401
688	0.829090	0.000000	-0.000048
689	0.828414	0.000000	-0.001929
690	0.830826	0.000000	0.003810
691	0.825328	0.000000	-0.000145
692	0.825328	0.000000	0.004774
693	0.824942	0.000000	0.000820
694	0.823013	0.000000	0.001543
695	0.831211	0.000000	0.003086
696	0.839313	0.000000	0.000916
697	0.831790	0.000000	-0.003424
698	0.823206	0.000000	-0.003762
699	0.828221	0.000000	-0.001881
700	0.824556	0.000000	-0.001157
701	0.825810	0.000000	-0.003665
702	0.830729	0.000000	-0.002701
703	0.827932	0.000000	-0.000338
704	0.828897	0.000000	-0.002894
705	0.830054	0.000000	-0.003472
706	0.830440	0.000000	-0.008970
707	0.833333	0.000000	-0.008295
708	0.836516	0.000000	-0.007716
709	0.832562	0.000000	-0.008198
710	0.839410	0.000000	-0.009404
711	0.838542	0.000000	-0.006800
712	0.836998	0.000000	-0.007668
713	0.839217	0.000000	-0.003954
714	0.842207	0.000000	-0.002025
715	0.841242	0.000000	0.000386
716	0.836323	0.000000	-0.002170
717	0.835648	0.000000	0.001013
718	0.835455	0.000000	0.001929
719	0.835938	0.000000	0.000338
720	0.840181	0.000000	-0.003906
721	0.838638	0.000000	-0.004196
722	0.837384	0.000000	-0.003183
723	0.838252	0.000000	-0.004967
724	0.831501	0.000000	-0.008054
725	0.834491	0.000000	-0.006752
726	0.836998	0.000000	-0.007813
727	0.835938	0.000000	-0.007089
728	0.838059	0.000000	-0.005932
729	0.837288	0.000000	-0.005546
730	0.836420	0.000000	-0.006462
731	0.838349	0.000000	-0.008054
732	0.836902	0.000000	-0.003713
733	0.841532	0.000000	-0.008439
734	0.835552	0.000000	-0.008198
735	0.835745	0.000000	-0.010320
736	0.839988	0.000000	-0.010658
737	0.849633	0.000000	-0.007861
738	0.844039	0.000000	-0.006800
739	0.839796	0.000000	-0.009934
740	0.831790	0.000000	-0.008102
741	0.833623	0.000000	-0.007234
742	0.834201	0.000000	-0.011381
743	0.837095	0.000000	-0.007813
744	0.836420	0.000000	-0.004051
745	0.830054	0.000000	-0.004823
746	0.829861	0.000000	-0.006125
747	0.828993	0.000000	-0.010320
748	0.832948	0.000000	-0.009886
749	0.838831	0.000000	-0.009066
750	0.840374	0.000000	-0.006800
751	0.841435	0.000000	-0.006896
752	0.848669	0.000000	-0.006944
753	0.839988	0.000000	-0.009356
754	0.833816	0.000000	-0.010658
755	0.841339	0.000000	-0.006993
756	0.844715	0.000000	-0.005691
757	0.850694	0.000000	-0.004437
758	0.844522	0.000000	-0.001061
759	0.836806	0.000000	-0.002508
760	0.829958	0.000000	-0.000820
761	0.828318	0.000000	-0.005932
762	0.827643	0.000000	-0.004340
763	0.829282	0.000000	-0.002604
764	0.819444	0.000000	-0.000965
765	0.821952	0.000000	-0.000820
766	0.820505	0.000000	-0.002170
767	0.819637	0.000000	-0.001929
768	0.817515	0.000000	0.000916
769	0.818866	0.000000	0.004051
770	0.817998	0.000000	0.000916
771	0.816069	0.000000	-0.001013
772	0.820698	0.000000	-0.003376
773	0.820698	0.000000	-0.001254
774	0.824363	0.000000	-0.001350
775	0.818866	0.000000	0.001013
776	0.822917	0.000000	0.005691
777	0.819252	0.000000	0.006414
778	0.826196	0.000000	0.010610
779	0.830922	0.000000	0.009163
780	0.827643	0.000000	0.006510
781	0.830440	0.000000	0.001688
782	0.830536	0.000000	0.005305
783	0.829668	0.000000	0.003810
784	0.826871	0.000000	0.004823
785	0.821373	0.000000	0.004871
786	0.827353	0.000000	0.003617
787	0.832272	0.000000	0.002074
788	0.829861	0.000000	0.001061
789	0.831115	0.000000	0.001784
790	0.825521	0.000000	0.003762
791	0.826100	0.000000	-0.000145
792	0.829861	0.000000	0.002942
793	0.829668	0.000000	0.004147
794	0.835069	0.000000	0.004774
795	0.828511	0.000000	0.005449
796	0.827739	0.000000	0.001784
797	0.829958	0.000000	0.002990
798	0.830440	0.000000	0.002894
799	0.828704	0.000000	-0.006173
800	0.829668	0.000000	-0.004292
801	0.835552	0.000000	-0.001688
802	0.837288	0.000000	-0.004389
803	0.836998	0.000000	-0.003183
804	0.834684	0.000000	-0.001495
805	0.837384	0.000000	0.001881
806	0.835359	0.000000	0.000916
807	0.829958	0.000000	0.000000
808	0.827546	0.000000	-0.002363
809	0.830536	0.000000	-0.001013
810	0.826582	0.000000	0.001495
811	0.829282	0.000000	-0.002411
812	0.828704	0.000000	-0.002845
813	0.833719	0.000000	-0.002894
814	0.839603	0.000000	-0.001157
815	0.840760	0.000000	0.000338
816	0.835455	0.000000	-0.001833
817	0.826871	0.000000	-0.002411
818	0.828318	0.000000	-0.000289
819	0.823399	0.000000	0.001543
820	0.828318	0.000000	0.000193
821	0.829668	0.000000	-0.004919
822	0.830536	0.000000	0.000627
823	0.829861	0.000000	0.001591
824	0.837095	0.000000	0.000772
825	0.838349	0.000000	-0.000675
826	0.837191	0.000000	0.001977
827	0.834298	0.000000	0.004967
828	0.830826	0.000000	0.004244
829	0.829668	0.000000	0.004389
830	0.832562	0.000000	0.004967
831	0.830536	0.000000	0.001784
832	0.824363	0.000000	0.008295
833	0.822434	0.000000	0.008343
834	0.821470	0.000000	0.006366
835	0.822724	0.000000	0.000627
836	0.821856	0.000000	0.001977
837	0.827257	0.000000	0.003762
838	0.828511	0.000000	0.003906
839	0.829475	0.000000	-0.000048
840	0.824460	0.000000	0.002267
841	0.821952	0.000000	0.004099
842	0.826678	0.000000	0.003279
843	0.826485	0.000000	-0.003231
844	0.830633	0.000000	-0.001881
845	0.825135	0.000000	-0.003810
846	0.825810	0.000000	-0.006703
847	0.824749	0.000000	-0.006607
848	0.828607	0.000000	-0.006221
849	0.831019	0.000000	-0.003858
850	0.826100	0.000000	-0.004726
851	0.828125	0.000000	-0.003328
852	0.821856	0.000000	-0.005015
853	0.819155	0.000000	0.000338
854	0.825617	0.000000	0.006462
855	0.822242	0.000000	0.004871
856	0.826871	0.000000	0.005257
857	0.823399	0.000000	-0.001399
858	0.822820	0.000000	0.000916
859	0.821084	0.000000	-0.001977
860	0.826485	0.000000	0.002411
861	0.826775	0.000000	0.006269
862	0.831597	0.000000	0.001688
863	0.833719	0.000000	-0.000241
864	0.832948	0.000000	0.000530
865	0.833719	0.000000	-0.002652
866	0.829379	0.000000	-0.001833
867	0.834587	0.000000	0.000386
868	0.833719	0.000000	-0.000482
869	0.828221	0.000000	-0.002652
870	0.829572	0.000000	-0.008584
871	0.822531	0.000000	-0.007282
872	0.822434	0.000000	-0.004581
873	0.824942	0.000000	-0.004774
874	0.819927	0.000000	-0.005305
875	0.824653	0.000000	-0.002604
876	0.824556	0.000000	-0.004196
877	0.819541	0.000000	-0.004967
878	0.823495	0.000000	-0.005305
879	0.824942	0.000000	-0.003376
880	0.827160	0.000000	-0.006703
881	0.834201	0.000000	-0.006800
882	0.830633	0.000000	-0.005691
883	0.828414	0.000000	-0.010561
884	0.829475	0.000000	-0.004099
885	0.834008	0.000000	-0.003569
886	0.831115	0.000000	-0.004630
887	0.829282	0.000000	-0.007475
888	0.826292	0.000000	-0.004726
889	0.823013	0.000000	-0.000627
890	0.821084	0.000000	0.004485
891	0.823881	0.000000	0.005064
892	0.820891	0.000000	0.000096
893	0.817998	0.000000	0.000338
894	0.823978	0.000000	0.001109
895	0.818287	0.000000	0.001302
896	0.817323	0.000000	0.004871
897	0.816262	0.000000	0.000965
898	0.819541	0.000000	0.001109
899	0.823013	0.000000	0.002122
900	0.825617	0.000000	0.000193
901	0.826582	0.000000	0.000579
902	0.827739	0.000000	-0.003279
903	0.828511	0.000000	-0.002218
904	0.828607	0.000000	-0.000965
905	0.825521	0.000000	0.001254
906	0.825907	0.000000	0.002411
907	0.826485	0.000000	0.005160
908	0.829186	0.000000	0.009163
909	0.835166	0.000000	0.007137
910	0.832465	0.000000	0.005401
911	0.827064	0.000000	0.002363
912	0.829572	0.000000	-0.000048
913	0.832176	0.000000	-0.000048
914	0.830729	0.000000	-0.005498
915	0.825521	0.000000	0.000000
916	0.825135	0.000000	0.002894
917	0.826100	0.000000	0.000916
918	0.818480	0.000000	-0.002845
919	0.826389	0.000000	-0.001399
920	0.827353	0.000000	-0.004244
921	0.832079	0.000000	-0.000579
922	0.829379	0.000000	-0.001302
923	0.830536	0.000000	0.001157
924	0.821373	0.000000	0.004967
925	0.817419	0.000000	0.003376
926	0.822145	0.000000	0.003569
927	0.823785	0.000000	0.004774
928	0.821084	0.000000	0.005064
929	0.829090	0.000000	0.006655
930	0.833430	0.000000	0.007089
931	0.834201	0.000000	0.007909
932	0.838927	0.000000	0.008198
933	0.834684	0.000000	0.004196
934	0.830150	0.000000	0.004533
935	0.829572	0.000000	0.003135
936	0.834877	0.000000	0.003231
937	0.833719	0.000000	0.003135
938	0.837674	0.000000	0.001784
939	0.831694	0.000000	0.004967
940	0.835648	0.000000	0.000434
941	0.835552	0.000000	0.000723
942	0.834105	0.000000	0.000723
943	0.827353	0.000000	0.001302
944	0.825907	0.000000	-0.001833
945	0.828414	0.000000	-0.001254
946	0.827932	0.000000	-0.000338
947	0.820313	0.000000	-0.008150
948	0.825231	0.000000	-0.004533
949	0.828897	0.000000	-0.003376
950	0.831887	0.000000	0.001061
951	0.832272	0.000000	0.003472
952	0.833623	0.000000	-0.004099
953	0.831597	0.000000	-0.005642
954	0.833237	0.000000	-0.001688
955	0.830054	0.000000	-0.003376
956	0.824749	0.000000	-0.001061
957	0.825328	0.000000	0.000434
958	0.821470	0.000000	-0.001399
959	0.827643	0.000000	0.000530
960	0.826003	0.000000	-0.001929
961	0.825617	0.000000	0.001495
962	0.822145	0.000000	0.001495
963	0.823399	0.000000	0.009259
964	0.830343	0.000000	0.005160
965	0.821181	0.000000	0.006076
966	0.821663	0.000000	0.004051
967	0.821952	0.000000	0.005353
968	0.823013	0.000000	0.000145
969	0.826775	0.000000	0.002218
970	0.828704	0.000000	0.001784
971	0.836516	0.000000	0.000338
972	0.831501	0.000000	-0.002025
973	0.825424	0.000000	-0.002315
974	0.823302	0.000000	-0.001736
975	0.830247	0.000000	-0.007330
976	0.831211	0.000000	-0.005498
977	0.834780	0.000000	-0.008150
978	0.837577	0.000000	-0.003713
979	0.835455	0.000000	-0.005642
980	0.831887	0.000000	-0.005498
981	0.831887	0.000000	-0.005835
982	0.828607	0.000000	-0.005160
983	0.837384	0.000000	-0.001736
984	0.837481	0.000000	-0.005883
985	0.835262	0.000000	-0.006944
986	0.834877	0.000000	-0.005449
987	0.832948	0.000000	-0.006318
988	0.830536	0.000000	-0.009356
989	0.821952	0.000000	-0.006462
990	0.822242	0.000000	-0.008681
991	0.827643	0.000000	-0.010368
992	0.831019	0.000000	-0.006752
993	0.828704	0.000000	-0.012056
994	0.826582	0.000000	-0.007186
995	0.825328	0.000000	-0.006944
996	0.823592	0.000000	-0.005064
997	0.827932	0.000000	-0.003858
998	0.827643	0.000000	-0.000434
999	0.829765	0.000000	-0.000530
1000	0.831019	0.000000	0.000145
1001	0.828897	0.000000	0.003135
1002	0.829090	0.000000	0.009259
1003	0.837191	0.000000	0.007378
1004	0.836227	0.000000	0.005160
1005	0.838059	0.000000	0.000820
1006	0.832755	0.000000	0.004003
1007	0.831983	0.000000	0.007571
1008	0.836998	0.000000	0.007475
1009	0.836323	0.000000	0.005208
1010	0.839217	0.000000	0.004581
1011	0.840278	0.000000	0.006125
1012	0.842303	0.000000	0.005353
1013	0.841339	0.000000	0.009211
1014	0.841532	0.000000	0.005160
1015	0.847801	0.000000	0.004099
1016	0.839699	0.000000	0.003617
1017	0.839603	0.000000	0.007378
1018	0.837867	0.000000	0.003954
1019	0.834105	0.000000	0.006510
1020	0.836034	0.000000	0.002556
1021	0.839603	0.000000	0.002025
1022	0.837095	0.000000	0.002556
1023	0.841821	0.000000	0.003954
1024	0.839699	0.000000	0.001591
1025	0.833044	0.000000	-0.002942
1026	0.825810	0.000000	-0.005449
1027	0.833237	0.000000	-0.002797
1028	0.832658	0.000000	0.003713
1029	0.828029	0.000000	-0.004919
1030	0.830150	0.000000	-0.005353
1031	0.836323	0.000000	-0.006510
1032	0.834877	0.000000	-0.004533
1033	0.835359	0.000000	-0.005980
1034	0.832755	0.000000	-0.000048
1035	0.831501	0.000000	0.003810
1036	0.828704	0.000000	0.006559
1037	0.833526	0.000000	0.004389
1038	0.826100	0.000000	0.004147
1039	0.832562	0.000000	0.003617
1040	0.832948	0.000000	0.003376
1041	0.835648	0.000000	0.006076
1042	0.840278	0.000000	0.004967
1043	0.836998	0.000000	0.000386
1044	0.832369	0.000000	0.002894
1045	0.839988	0.000000	-0.000193
1046	0.836516	0.000000	-0.004340
1047	0.833623	0.000000	0.001640
1048	0.828029	0.000000	0.000434
1049	0.833912	0.000000	-0.002990
1050	0.836806	0.000000	-0.001254
1051	0.838831	0.000000	-0.002797
1052	0.837288	0.000000	-0.004051
1053	0.832369	0.000000	-0.006896
1054	0.832755	0.000000	-0.001784
1055	0.829572	0.000000	-0.002267
1056	0.828221	0.000000	-0.000723
1057	0.828704	0.000000	-0.002025
1058	0.821566	0.000000	-0.001254
1059	0.818866	0.000000	-0.000723
1060	0.822049	0.000000	-0.002218
1061	0.819541	0.000000	0.002942
1062	0.819927	0.000000	0.003086
1063	0.820602	0.000000	0.003810
1064	0.826003	0.000000	0.005835
1065	0.823013	0.000000	0.005449
1066	0.824556	0.000000	0.005594
1067	0.819541	0.000000	0.003038
1068	0.819444	0.000000	0.001929
1069	0.828993	0.000000	-0.002411
1070	0.822242	0.000000	-0.002411
1071	0.824267	0.000000	-0.004967
1072	0.821759	0.000000	-0.001495
1073	0.821181	0.000000	-0.003424
1074	0.817612	0.000000	0.000579
1075	0.812018	0.000000	0.000772
1076	0.818576	0.000000	-0.001350
1077	0.824846	0.000000	0.000193
1078	0.828897	0.000000	0.003665
1079	0.825617	0.000000	0.001157
1080	0.823206	0.000000	-0.001013
1081	0.820023	0.000000	-0.000482
1082	0.815779	0.000000	-0.003713
1083	0.811632	0.000000	-0.001302
1084	0.816551	0.000000	0.000386
1085	0.817323	0.000000	0.002459
1086	0.811343	0.000000	0.002218
1087	0.818866	0.000000	0.004871
1088	0.816840	0.000000	0.007813
1089	0.811053	0.000000	0.005160
1090	0.816165	0.000000	0.006896
1091	0.815490	0.000000	0.003954
1092	0.823495	0.000000	0.002218
1093	0.828414	0.000000	0.001302
1094	0.826485	0.000000	0.003231
1095	0.826775	0.000000	0.001929
1096	0.823688	0.000000	0.004051
1097	0.824942	0.000000	0.004244
1098	0.818769	0.000000	0.007378
1099	0.822338	0.000000	0.006028
1100	0.821759	0.000000	0.006076
1101	0.823206	0.000000	0.003858
1102	0.821663	0.000000	0.004340
1103	0.822724	0.000000	0.006703
1104	0.821566	0.000000	0.004726
1105	0.818287	0.000000	0.003038
1106	0.815490	0.000000	0.002797
1107	0.817130	0.000000	0.006125
1108	0.817323	0.000000	0.004726
1109	0.821856	0.000000	0.002363
1110	0.824846	0.000000	0.001254
1111	0.821470	0.000000	-0.001157
1112	0.825810	0.000000	-0.002315
1113	0.828704	0.000000	0.001929
1114	0.824267	0.000000	0.003520
1115	0.827160	0.000000	0.006703
1116	0.823978	0.000000	0.004147
1117	0.824460	0.000000	0.002315
1118	0.826100	0.000000	0.000868
1119	0.824363	0.000000	0.005642
1120	0.828029	0.000000	0.003424
1121	0.821181	0.000000	-0.001061
1122	0.820988	0.000000	-0.000386
1123	0.823013	0.000000	0.003954
1124	0.818769	0.000000	0.001833
1125	0.818962	0.000000	-0.001061
1126	0.822242	0.000000	0.002122
1127	0.816937	0.000000	-0.001061
1128	0.814911	0.000000	-0.001447
1129	0.819830	0.000000	-0.004389
1130	0.822820	0.000000	-0.000048
1131	0.823206	0.000000	0.003906
1132	0.822627	0.000000	-0.000675
1133	0.828511	0.000000	-0.003086
1134	0.830343	0.000000	-0.007234
1135	0.828029	0.000000	-0.007764
1136	0.820409	0.000000	-0.007427
1137	0.819637	0.000000	-0.004871
1138	0.819444	0.000000	-0.003713
1139	0.819348	0.000000	-0.002894
1140	0.819059	0.000000	-0.004437
1141	0.818576	0.000000	-0.002025
1142	0.820120	0.000000	0.001736
1143	0.823110	0.000000	-0.001399
1144	0.824460	0.000000	-0.000193
1145	0.826582	0.000000	-0.000675
1146	0.824653	0.000000	0.001833
1147	0.823785	0.000000	0.005112
1148	0.828511	0.000000	0.004630
1149	0.824363	0.000000	0.006848
1150	0.826582	0.000000	0.008584
1151	0.826196	0.000000	0.004003
1152	0.824846	0.000000	0.005449
1153	0.825617	0.000000	0.005015
1154	0.823399	0.000000	-0.000530
1155	0.826100	0.000000	-0.000048
1156	0.818383	0.000000	-0.000434
1157	0.820891	0.000000	-0.004726
1158	0.821181	0.000000	-0.007378
1159	0.828511	0.000000	0.000530
1160	0.824846	0.000000	-0.000675
1161	0.818383	0.000000	0.000916
1162	0.821856	0.000000	-0.000434
1163	0.823399	0.000000	0.001109
1164	0.828800	0.000000	0.001929
1165	0.828607	0.000000	0.002845
1166	0.828414	0.000000	0.004292
1167	0.826678	0.000000	0.004919
1168	0.828125	0.000000	0.002604
1169	0.829958	0.000000	0.004726
1170	0.832658	0.000000	0.004581
1171	0.828800	0.000000	0.005739
1172	0.832948	0.000000	0.000868
1173	0.838831	0.000000	0.003231
1174	0.836806	0.000000	0.003665
1175	0.845004	0.000000	0.003472
1176	0.842207	0.000000	-0.000482
1177	0.836613	0.000000	0.000048
1178	0.834877	0.000000	-0.000627
1179	0.839120	0.000000	-0.001495
1180	0.836806	0.000000	-0.001399
1181	0.832948	0.000000	-0.006896
1182	0.838059	0.000000	-0.008343
1183	0.838831	0.000000	-0.006318
1184	0.842110	0.000000	-0.005498
1185	0.839988	0.000000	-0.006993
1186	0.836420	0.000000	-0.002025
1187	0.832272	0.000000	-0.001157
1188	0.838831	0.000000	-0.000916
1189	0.833816	0.000000	-0.002459
1190	0.833140	0.000000	-0.001447
1191	0.836516	0.000000	-0.003424
1192	0.837963	0.000000	0.000386
1193	0.836420	0.000000	-0.005160
1194	0.841917	0.000000	-0.003569
1195	0.845968	0.000000	0.000193
1196	0.840374	0.000000	-0.001350
1197	0.836806	0.000000	-0.002797
1198	0.840181	0.000000	-0.002990
1199	0.837770	0.000000	-0.001350
1200	0.837867	0.000000	0.000675
1201	0.835359	0.000000	0.001736
1202	0.831597	0.000000	-0.000772
1203	0.829958	0.000000	0.001013
1204	0.820505	0.000000	-0.000965
1205	0.816840	0.000000	-0.000145
1206	0.812404	0.000000	-0.001109
1207	0.813465	0.000000	0.001929
1208	0.812211	0.000000	0.003328
1209	0.812404	0.000000	0.002363
1210	0.809703	0.000000	0.002556
1211	0.812982	0.000000	-0.000434
1212	0.802855	0.000000	-0.000289
1213	0.804302	0.000000	-0.000916
1214	0.813754	0.000000	-0.001495
1215	0.823978	0.000000	0.002508
1216	0.827739	0.000000	0.005739
1217	0.826871	0.000000	0.006896
1218	0.829090	0.000000	0.006221
1219	0.827257	0.000000	0.003762
1220	0.831983	0.000000	0.004389
1221	0.829958	0.000000	-0.000772
1222	0.822242	0.000000	-0.001688
1223	0.822531	0.000000	-0.003906
1224	0.825521	0.000000	-0.001784
1225	0.826968	0.000000	-0.000482
1226	0.830247	0.000000	-0.001350
1227	0.835069	0.000000	-0.004581
1228	0.837384	0.000000	-0.002267
1229	0.841628	0.000000	-0.002025
1230	0.839313	0.000000	-0.003376
1231	0.840181	0.000000	-0.003135
1232	0.840760	0.000000	-0.001447
1233	0.833140	0.000000	0.001688
1234	0.837674	0.000000	-0.003665
1235	0.840953	0.000000	-0.003713
1236	0.842785	0.000000	0.001013
1237	0.838349	0.000000	-0.000579
1238	0.841435	0.000000	-0.001688
1239	0.836998	0.000000	0.002122
1240	0.831694	0.000000	-0.000096
1241	0.831597	0.000000	0.000916
1242	0.829379	0.000000	-0.002074
1243	0.826003	0.000000	0.003713
1244	0.823399	0.000000	0.008488
1245	0.824267	0.000000	0.009163
1246	0.832272	0.000000	0.007668
1247	0.830054	0.000000	0.010754
1248	0.823110	0.000000	0.007861
1249	0.827546	0.000000	0.006944
1250	0.825039	0.000000	0.000386
1251	0.817901	0.000000	0.000434
1252	0.820698	0.000000	0.002170
1253	0.821856	0.000000	0.002990
1254	0.820505	0.000000	0.005305
1255	0.825231	0.000000	0.005691
1256	0.823495	0.000000	0.001736
1257	0.820891	0.000000	0.001061
1258	0.819252	0.000000	0.005015
1259	0.819830	0.000000	0.000096
1260	0.825617	0.000000	0.002701
1261	0.826196	0.000000	0.000434
1262	0.818962	0.000000	0.004774
1263	0.820698	0.000000	0.004437
1264	0.822242	0.000000	0.005498
1265	0.831019	0.000000	0.004437
1266	0.833623	0.000000	0.006318
1267	0.830150	0.000000	0.001495
1268	0.829475	0.000000	0.004340
1269	0.832562	0.000000	0.003569
1270	0.834684	0.000000	0.004051
1271	0.839699	0.000000	0.003858
1272	0.837867	0.000000	0.003183
1273	0.833237	0.000000	0.000772
1274	0.826582	0.000000	0.001157
1275	0.827064	0.000000	0.002363
1276	0.822338	0.000000	0.005015
1277	0.821181	0.000000	0.005787
1278	0.815779	0.000000	0.002218
1279	0.816454	0.000000	0.002267
1280	0.820988	0.000000	-0.008729
1281	0.819444	0.000000	-0.000675
1282	0.823688	0.000000	-0.000096
1283	0.824074	0.000000	0.004437
1284	0.825714	0.000000	0.004967
1285	0.825907	0.000000	0.000916
1286	0.824460	0.000000	0.002556
1287	0.830440	0.000000	0.006125
1288	0.833333	0.000000	0.006848
1289	0.826100	0.000000	0.007668
1290	0.820409	0.000000	0.002363
1291	0.824942	0.000000	0.003810
1292	0.825714	0.000000	0.001833
1293	0.826389	0.000000	0.003665
1294	0.822242	0.000000	0.004003
1295	0.828993	0.000000	0.005208
1296	0.821181	0.000000	0.001543
1297	0.820120	0.000000	-0.001929
1298	0.820409	0.000000	-0.003472
1299	0.820313	0.000000	-0.005208
1300	0.819541	0.000000	-0.007186
1301	0.822820	0.000000	-0.002894
1302	0.825328	0.000000	0.001061
1303	0.826196	0.000000	0.001206
1304	0.826100	0.000000	-0.007716
1305	0.830826	0.000000	-0.003954
1306	0.828897	0.000000	-0.000916
1307	0.831308	0.000000	0.000530
1308	0.829861	0.000000	0.002652
1309	0.833140	0.000000	-0.003183
1310	0.837288	0.000000	-0.003713
1311	0.832851	0.000000	-0.008150
1312	0.832369	0.000000	-0.005787
1313	0.828125	0.000000	-0.008150
1314	0.828704	0.000000	-0.008873
1315	0.826678	0.000000	-0.008681
1316	0.830826	0.000000	-0.007089
1317	0.830633	0.000000	-0.011381
1318	0.831211	0.000000	-0.011622
1319	0.830633	0.000000	-0.010658
1320	0.831115	0.000000	-0.016204
1321	0.831404	0.000000	-0.015046
1322	0.822627	0.000000	-0.014178
1323	0.824460	0.000000	-0.009838
1324	0.824460	0.000000	-0.011044
1325	0.825714	0.000000	-0.011719
1326	0.823110	0.000000	-0.011622
1327	0.822917	0.000000	-0.010176
1328	0.832948	0.000000	-0.007378
1329	0.838349	0.000000	-0.005932
1330	0.833333	0.000000	-0.003231
1331	0.829958	0.000000	-0.005739
1332	0.828800	0.000000	-0.006848
1333	0.830633	0.000000	-0.006269
1334	0.833430	0.000000	-0.009742
1335	0.840664	0.000000	-0.005401
1336	0.837963	0.000000	-0.004003
1337	0.837481	0.000000	-0.004774
1338	0.835841	0.000000	-0.006703
1339	0.834780	0.000000	-0.004630
1340	0.836420	0.000000	-0.003424
1341	0.837867	0.000000	-0.005015
1342	0.827257	0.000000	-0.003810
1343	0.818094	0.000000	-0.007716
1344	0.826871	0.000000	-0.006752
1345	0.831983	0.000000	-0.001640
1346	0.832562	0.000000	-0.000193
1347	0.837674	0.000000	-0.004823
1348	0.840664	0.000000	-0.000627
1349	0.832369	0.000000	-0.002122
1350	0.830247	0.000000	-0.002508
1351	0.833430	0.000000	-0.002315
1352	0.839217	0.000000	-0.000145
1353	0.834105	0.000000	-0.001977
1354	0.827836	0.000000	-0.001784
1355	0.826968	0.000000	-0.004099
1356	0.833237	0.000000	-0.005449
1357	0.833044	0.000000	-0.001977
1358	0.830440	0.000000	-0.002556
1359	0.835552	0.000000	0.000965
1360	0.835745	0.000000	-0.001109
1361	0.827064	0.000000	0.000434
1362	0.827064	0.000000	0.004389
1363	0.820891	0.000000	0.001543
1364	0.823495	0.000000	0.002315
1365	0.823495	0.000000	-0.000096
1366	0.831019	0.000000	0.000675
1367	0.835359	0.000000	0.002315
1368	0.836998	0.000000	-0.002363
1369	0.843075	0.000000	0.001013
1370	0.845197	0.000000	-0.002025
1371	0.839120	0.000000	0.002074
1372	0.836709	0.000000	-0.001302
1373	0.837770	0.000000	-0.004581
1374	0.842689	0.000000	-0.002894
1375	0.838252	0.000000	-0.003954
1376	0.836998	0.000000	-0.003472
1377	0.836323	0.000000	-0.000338
1378	0.835359	0.000000	0.001833
1379	0.838156	0.000000	-0.002556
1380	0.836613	0.000000	-0.000675
1381	0.834298	0.000000	-0.001833
1382	0.831019	0.000000	-0.001447
1383	0.822145	0.000000	-0.003231
1384	0.824460	0.000000	-0.003569
1385	0.822434	0.000000	-0.005449
1386	0.819830	0.000000	-0.007475
1387	0.815490	0.000000	-0.004774
1388	0.815394	0.000000	-0.004581
1389	0.818480	0.000000	-0.008632
1390	0.821277	0.000000	-0.005980
1391	0.823399	0.000000	-0.002797
1392	0.825039	0.000000	-0.006318
1393	0.824363	0.000000	-0.005064
1394	0.826968	0.000000	-0.004389
1395	0.825810	0.000000	-0.003617
1396	0.818191	0.000000	-0.001447
1397	0.825135	0.000000	-0.001784
1398	0.828800	0.000000	0.002894
1399	0.827353	0.000000	0.002652
1400	0.831115	0.000000	-0.002508
1401	0.828029	0.000000	0.000772
1402	0.825810	0.000000	0.000868
1403	0.833816	0.000000	0.001495
1404	0.836806	0.000000	-0.001350
1405	0.833430	0.000000	-0.004678
1406	0.835455	0.000000	-0.001157
1407	0.830150	0.000000	-0.002508
1408	0.829282	0.000000	-0.003713
1409	0.822242	0.000000	-0.009066
1410	0.829282	0.000000	-0.003858
1411	0.833333	0.000000	-0.004147
1412	0.834877	0.000000	-0.004340
1413	0.834394	0.000000	-0.004099
1414	0.833044	0.000000	-0.005546
1415	0.836034	0.000000	-0.001157
1416	0.832562	0.000000	-0.003038
1417	0.834973	0.000000	-0.000530
1418	0.829668	0.000000	0.003906
1419	0.830536	0.000000	0.001447
1420	0.830633	0.000000	0.006800
1421	0.835841	0.000000	0.006028
1422	0.837288	0.000000	0.006896
1423	0.825521	0.000000	0.011236
1424	0.829668	0.000000	0.008873
1425	0.829282	0.000000	0.006559
1426	0.831211	0.000000	0.008584
1427	0.821181	0.000000	0.009356
1428	0.835745	0.000000	0.006221
1429	0.832369	0.000000	0.003328
1430	0.827739	0.000000	0.002845
1431	0.834008	0.000000	0.000000
1432	0.838349	0.000000	-0.005064
1433	0.838927	0.000000	0.001206
1434	0.833237	0.000000	0.000145
1435	0.835455	0.000000	-0.000289
1436	0.835262	0.000000	-0.001784
1437	0.836420	0.000000	-0.005932
1438	0.837577	0.000000	-0.004726
1439	0.835069	0.000000	-0.003617
1440	0.826678	0.000000	0.000916
1441	0.831887	0.000000	-0.003279
1442	0.827353	0.000000	-0.001688
1443	0.831404	0.000000	-0.003520
1444	0.829668	0.000000	-0.002701
1445	0.834780	0.000000	-0.003810
1446	0.836130	0.000000	-0.003617
1447	0.837384	0.000000	-0.005208
1448	0.837288	0.000000	-0.003906
1449	0.832176	0.000000	-0.004871
1450	0.828704	0.000000	-0.007620
1451	0.827836	0.000000	-0.011236
1452	0.827932	0.000000	-0.010465
1453	0.833526	0.000000	-0.011767
1454	0.833333	0.000000	-0.013407
1455	0.829475	0.000000	-0.010031
1456	0.826485	0.000000	-0.008584
1457	0.827353	0.000000	-0.009597
1458	0.838156	0.000000	-0.014371
1459	0.837867	0.000000	-0.013551
1460	0.838831	0.000000	-0.009307
1461	0.845679	0.000000	-0.009356
1462	0.847319	0.000000	-0.007620
1463	0.840953	0.000000	-0.010417
1464	0.842400	0.000000	-0.008488
1465	0.837674	0.000000	-0.006510
1466	0.841242	0.000000	-0.005594
1467	0.835069	0.000000	-0.005257
1468	0.829861	0.000000	-0.008536
1469	0.825328	0.000000	-0.008054
1470	0.827836	0.000000	-0.006993
1471	0.832851	0.000000	-0.004967
1472	0.839603	0.000000	-0.006318
1473	0.837288	0.000000	-0.001591
1474	0.827450	0.000000	0.001399
1475	0.834105	0.000000	-0.002749
1476	0.832658	0.000000	-0.000048
1477	0.831983	0.000000	0.000965
1478	0.826678	0.000000	0.001736
1479	0.828318	0.000000	0.005353
1480	0.827546	0.000000	0.003762
1481	0.831019	0.000000	0.005015
1482	0.829572	0.000000	0.000723
1483	0.829765	0.000000	-0.000482
1484	0.827932	0.000000	-0.002652
1485	0.819541	0.000000	0.000241
1486	0.822820	0.000000	-0.000530
1487	0.820120	0.000000	-0.001254
1488	0.816937	0.000000	-0.002363
1489	0.814911	0.000000	-0.005739
1490	0.818383	0.000000	-0.004099
1491	0.820120	0.000000	-0.001302
1492	0.822531	0.000000	0.000579
1493	0.823688	0.000000	0.002845
1494	0.821566	0.000000	0.002652
1495	0.821759	0.000000	0.000482
1496	0.824846	0.000000	-0.002701
1497	0.824653	0.000000	-0.001640
1498	0.826003	0.000000	0.001399
1499	0.825231	0.000000	-0.000434
1500	0.824556	0.000000	0.002749
1501	0.824556	0.000000	0.001833
1502	0.822820	0.000000	0.000916
1503	0.827160	0.000000	0.004051
1504	0.830054	0.000000	0.003810
1505	0.837384	0.000000	0.002315
1506	0.834877	0.000000	0.000916
1507	0.829379	0.000000	0.000723
1508	0.829186	0.000000	-0.001206
1509	0.831211	0.000000	0.001013
1510	0.832465	0.000000	-0.000675
1511	0.832079	0.000000	0.000048
1512	0.836130	0.000000	0.001784
1513	0.831983	0.000000	0.003135
1514	0.833526	0.000000	0.004533
1515	0.838831	0.000000	0.002556
1516	0.828511	0.000000	0.006510
1517	0.824653	0.000000	0.000820
1518	0.824171	0.000000	0.003810
1519	0.825328	0.000000	0.002267
1520	0.822724	0.000000	-0.003520
1521	0.827450	0.000000	-0.004581
1522	0.829861	0.000000	-0.001784
1523	0.829282	0.000000	-0.004437
1524	0.833912	0.000000	-0.009500
1525	0.839217	0.000000	-0.007137
1526	0.834201	0.000000	-0.002025
1527	0.832079	0.000000	-0.000627
1528	0.835262	0.000000	-0.003183
1529	0.835648	0.000000	-0.002122
1530	0.836998	0.000000	0.000530
1531	0.833623	0.000000	0.001881
1532	0.830826	0.000000	-0.000965
1533	0.835552	0.000000	-0.000338
1534	0.835262	0.000000	-0.001206
1535	0.830150	0.000000	-0.002315
1536	0.831887	0.000000	-0.001399
1537	0.834491	0.000000	-0.001061
1538	0.829379	0.000000	-0.001013
1539	0.834201	0.000000	-0.002797
1540	0.831983	0.000000	-0.002652
1541	0.836227	0.000000	-0.002652
1542	0.834877	0.000000	0.000193
1543	0.828318	0.000000	-0.003954
1544	0.829572	0.000000	-0.002894
1545	0.827932	0.000000	-0.006655
1546	0.823592	0.000000	-0.002652
1547	0.821373	0.000000	-0.005739
1548	0.829475	0.000000	-0.007909
1549	0.822820	0.000000	-0.010272
1550	0.827160	0.000000	-0.010417
1551	0.824074	0.000000	-0.007041
1552	0.820602	0.000000	-0.011092
1553	0.820409	0.000000	-0.003424
1554	0.827450	0.000000	-0.000723
1555	0.826775	0.000000	0.001254
1556	0.819541	0.000000	0.003231
1557	0.828897	0.000000	0.004533
1558	0.827160	0.000000	0.009500
1559	0.827739	0.000000	0.011381
1560	0.832465	0.000000	0.013455
1561	0.831404	0.000000	0.010802
1562	0.830247	0.000000	0.010610
1563	0.829186	0.000000	0.012105
1564	0.824074	0.000000	0.010947
1565	0.827546	0.000000	0.008729
1566	0.826968	0.000000	0.005064
1567	0.828993	0.000000	0.002508
1568	0.837770	0.000000	-0.001206
1569	0.840664	0.000000	-0.002701
1570	0.840760	0.000000	-0.002459
1571	0.843654	0.000000	-0.000916
1572	0.845486	0.000000	0.000145
1573	0.843943	0.000000	0.002604
1574	0.851948	0.000000	0.000579
1575	0.851659	0.000000	-0.000241
1576	0.846933	0.000000	0.001591
1577	0.840181	0.000000	0.000145
1578	0.833237	0.000000	-0.001399
1579	0.834298	0.000000	-0.002122
1580	0.839506	0.000000	0.000145
1581	0.837191	0.000000	-0.001543
1582	0.837191	0.000000	-0.003328
1583	0.836902	0.000000	-0.004774
1584	0.831597	0.000000	-0.002990
1585	0.829475	0.000000	0.002122
1586	0.824942	0.000000	-0.002363
1587	0.822049	0.000000	-0.001977
1588	0.821856	0.000000	0.002025
1589	0.816262	0.000000	0.002701
1590	0.820698	0.000000	-0.000868
1591	0.821663	0.000000	0.003376
1592	0.822724	0.000000	0.004147
1593	0.828221	0.000000	0.004051
1594	0.828318	0.000000	0.002894
1595	0.827546	0.000000	0.005642
1596	0.829861	0.000000	0.002074
1597	0.828993	0.000000	-0.002749
1598	0.824171	0.000000	-0.002604
1599	0.826871	0.000000	0.002218
1600	0.826100	0.000000	-0.002025
1601	0.826100	0.000000	-0.003472
1602	0.835841	0.000000	-0.002894
1603	0.837770	0.000000	-0.003424
1604	0.835841	0.000000	-0.003762
1605	0.837481	0.000000	0.000096
1606	0.836420	0.000000	0.000338
1607	0.833430	0.000000	-0.003424
1608	0.832851	0.000000	-0.002267
1609	0.831211	0.000000	-0.001109
1610	0.829765	0.000000	0.001736
1611	0.823881	0.000000	0.001977
1612	0.824363	0.000000	-0.000193
1613	0.824749	0.000000	0.002170
1614	0.826292	0.000000	-0.000482
1615	0.826775	0.000000	0.000241
1616	0.830922	0.000000	0.004485
1617	0.830729	0.000000	0.005594
1618	0.828125	0.000000	0.002411
1619	0.833623	0.000000	0.004919
1620	0.832851	0.000000	0.003279
1621	0.833623	0.000000	0.004630
1622	0.835359	0.000000	0.003038
1623	0.837674	0.000000	0.003906
1624	0.839506	0.000000	0.002508
1625	0.839313	0.000000	0.003376
1626	0.839796	0.000000	0.000482
1627	0.836806	0.000000	0.002845
1628	0.834008	0.000000	0.004919
1629	0.834877	0.000000	0.001013
1630	0.837481	0.000000	0.001350
1631	0.835359	0.000000	0.000000
1632	0.835455	0.000000	0.001977
1633	0.836998	0.000000	0.003810
1634	0.834008	0.000000	0.004244
1635	0.838831	0.000000	0.001543
1636	0.831694	0.000000	-0.002122
1637	0.832755	0.000000	0.000868
1638	0.831887	0.000000	0.003086
1639	0.834780	0.000000	0.003472
1640	0.837191	0.000000	0.006173
1641	0.839120	0.000000	0.005835
1642	0.845486	0.000000	0.006703
1643	0.840085	0.000000	0.004051
1644	0.839217	0.000000	0.002942
1645	0.839506	0.000000	0.005594
1646	0.834973	0.000000	0.006414
1647	0.837963	0.000000	0.005353
1648	0.835745	0.000000	0.009018
1649	0.832562	0.000000	0.005980
1650	0.834298	0.000000	0.006752
1651	0.835069	0.000000	0.003762
1652	0.843943	0.000000	0.007137
1653	0.842593	0.000000	0.008054
1654	0.845293	0.000000	0.007620
1655	0.838542	0.000000	0.004726
1656	0.834684	0.000000	0.006028
1657	0.839313	0.000000	0.005691
1658	0.832948	0.000000	0.003858
1659	0.832562	0.000000	0.000916
1660	0.831115	0.000000	0.000627
1661	0.828125	0.000000	0.001977
1662	0.835166	0.000000	0.006028
1663	0.832562	0.000000	0.011044
1664	0.829572	0.000000	0.004678
1665	0.827836	0.000000	0.004340
1666	0.832658	0.000000	0.001929
1667	0.829379	0.000000	0.002845
1668	0.828704	0.000000	0.004967
1669	0.834008	0.000000	-0.000627
1670	0.830247	0.000000	0.005401
1671	0.834105	0.000000	-0.001157
1672	0.832176	0.000000	0.006125
1673	0.835938	0.000000	0.002845
1674	0.835166	0.000000	0.000772
1675	0.828221	0.000000	0.000579
1676	0.825714	0.000000	-0.000579
1677	0.826678	0.000000	0.002170
1678	0.819734	0.000000	0.000675
1679	0.820216	0.000000	0.000868
1680	0.819734	0.000000	0.002990
1681	0.819927	0.000000	0.006752
1682	0.818480	0.000000	0.004678
1683	0.822049	0.000000	-0.001350
1684	0.830922	0.000000	-0.000820
1685	0.831887	0.000000	0.001736
1686	0.835938	0.000000	0.003617
1687	0.837384	0.000000	0.001977
1688	0.833044	0.000000	0.002652
1689	0.832658	0.000000	-0.001688
1690	0.838831	0.000000	0.001543
1691	0.837674	0.000000	-0.000482
1692	0.832079	0.000000	-0.003810
1693	0.832176	0.000000	-0.001302
1694	0.830633	0.000000	0.001591
1695	0.828414	0.000000	0.001061
1696	0.829282	0.000000	0.001591
1697	0.826678	0.000000	0.001591
1698	0.830440	0.000000	0.001736
1699	0.826292	0.000000	0.001061
1700	0.833044	0.000000	-0.000772
1701	0.835359	0.000000	-0.003424
1702	0.835745	0.000000	-0.003472
1703	0.832176	0.000000	-0.004340
1704	0.829090	0.000000	-0.006848
1705	0.836998	0.000000	-0.004823
1706	0.833333	0.000000	-0.011863
1707	0.824942	0.000000	-0.008777
1708	0.821181	0.000000	-0.010224
1709	0.822338	0.000000	-0.011526
1710	0.829475	0.000000	-0.012490
1711	0.830150	0.000000	-0.010706
1712	0.834105	0.000000	-0.008536
1713	0.829186	0.000000	-0.006414
1714	0.826582	0.000000	-0.004340
1715	0.830633	0.000000	-0.004196
1716	0.833719	0.000000	0.000145
1717	0.839313	0.000000	-0.001833
1718	0.841628	0.000000	-0.005353
1719	0.833430	0.000000	-0.007330
1720	0.833623	0.000000	-0.005739
1721	0.828414	0.000000	-0.002363
1722	0.827353	0.000000	-0.002315
1723	0.831501	0.000000	-0.004003
1724	0.828221	0.000000	-0.005064
1725	0.829090	0.000000	-0.006221
1726	0.834973	0.000000	-0.007861
1727	0.832369	0.000000	-0.009500
1728	0.824942	0.000000	-0.011815
1729	0.822531	0.000000	-0.006028
1730	0.821277	0.000000	-0.001254
1731	0.820216	0.000000	-0.005401
1732	0.823399	0.000000	-0.006414
1733	0.819541	0.000000	-0.009549
1734	0.816937	0.000000	-0.009356
1735	0.815008	0.000000	-0.003183
1736	0.816647	0.000000	-0.000868
1737	0.815876	0.000000	-0.003906
1738	0.822434	0.000000	-0.002315
1739	0.824074	0.000000	-0.000868
1740	0.817805	0.000000	-0.000627
1741	0.824460	0.000000	-0.001688
1742	0.828029	0.000000	-0.001688
1743	0.833333	0.000000	0.001881
1744	0.828897	0.000000	-0.001157
1745	0.831019	0.000000	0.002604
1746	0.830440	0.000000	0.001929
1747	0.837577	0.000000	0.000434
1748	0.841821	0.000000	0.000241
1749	0.834684	0.000000	-0.002894
1750	0.829475	0.000000	-0.002508
1751	0.822627	0.000000	-0.004389
1752	0.829282	0.000000	-0.003135
1753	0.823399	0.000000	-0.002942
1754	0.826678	0.000000	-0.000772
1755	0.830440	0.000000	-0.004533
1756	0.833333	0.000000	-0.005498
1757	0.829765	0.000000	-0.003038
1758	0.831887	0.000000	-0.001833
1759	0.822338	0.000000	-0.004533
1760	0.825039	0.000000	-0.006462
1761	0.830054	0.000000	-0.004919
1762	0.827257	0.000000	-0.002797
1763	0.824267	0.000000	-0.002894
1764	0.821470	0.000000	-0.000048
1765	0.825714	0.000000	-0.006944
1766	0.825617	0.000000	-0.000868
1767	0.826485	0.000000	0.000386
1768	0.830633	0.000000	0.000820
1769	0.830054	0.000000	0.003038
1770	0.824267	0.000000	0.000820
1771	0.825714	0.000000	-0.002025
1772	0.828221	0.000000	-0.003665
1773	0.823785	0.000000	-0.000965
1774	0.820891	0.000000	-0.001929
1775	0.817419	0.000000	0.006366
1776	0.818094	0.000000	0.006318
1777	0.813175	0.000000	0.010754
1778	0.817612	0.000000	0.004919
1779	0.818287	0.000000	0.007813
1780	0.820602	0.000000	0.003858
1781	0.824556	0.000000	0.008439
1782	0.825907	0.000000	0.008295
1783	0.829572	0.000000	0.003810
1784	0.824749	0.000000	0.006848
1785	0.823881	0.000000	0.004051
1786	0.828607	0.000000	0.007909
1787	0.828704	0.000000	0.008343
1788	0.826968	0.000000	0.005835
1789	0.835552	0.000000	-0.000289
1790	0.829282	0.000000	-0.003376
1791	0.831019	0.000000	-0.003810
1792	0.825039	0.000000	-0.006462
1793	0.822049	0.000000	-0.007716
1794	0.823881	0.000000	-0.004147
1795	0.824653	0.000000	-0.007716
1796	0.835069	0.000000	-0.007427
1797	0.832658	0.000000	-0.004003
1798	0.833912	0.000000	-0.005594
1799	0.836902	0.000000	-0.002942
1800	0.836323	0.000000	-0.000289
1801	0.838059	0.000000	0.001495
1802	0.834780	0.000000	0.003569
1803	0.830150	0.000000	0.001688
1804	0.832176	0.000000	0.002894
1805	0.835841	0.000000	0.001495
1806	0.834877	0.000000	0.003231
1807	0.842207	0.000000	0.001929
1808	0.842882	0.000000	0.000772
1809	0.840664	0.000000	0.001881
1810	0.851080	0.000000	0.004871
1811	0.845197	0.000000	0.003520
1812	0.847126	0.000000	0.006510
1813	0.847222	0.000000	0.008054
1814	0.845679	0.000000	0.004919
1815	0.845679	0.000000	0.003231
1816	0.840471	0.000000	0.003810
1817	0.845775	0.000000	0.004485
1818	0.845872	0.000000	0.005739
1819	0.848090	0.000000	0.003086
1820	0.838927	0.000000	0.004099
1821	0.841146	0.000000	0.002990
1822	0.836998	0.000000	0.003906
1823	0.839217	0.000000	0.002749
1824	0.833333	0.000000	0.001495
1825	0.838252	0.000000	-0.000048
1826	0.833526	0.000000	0.005064
1827	0.831887	0.000000	-0.000675
1828	0.828897	0.000000	0.003617
1829	0.832079	0.000000	-0.002604
1830	0.831308	0.000000	-0.000868
1831	0.838349	0.000000	0.001688
1832	0.832755	0.000000	0.005015
1833	0.828414	0.000000	0.005305
1834	0.829958	0.000000	0.004967
1835	0.822820	0.000000	0.007861
1836	0.838059	0.000000	0.004196
1837	0.839892	0.000000	0.003617
1838	0.837384	0.000000	0.002267
1839	0.845775	0.000000	0.002604
1840	0.841725	0.000000	0.004678
1841	0.837577	0.000000	0.010465
1842	0.841146	0.000000	0.008536
1843	0.840760	0.000000	0.004389
1844	0.837963	0.000000	0.005015
1845	0.832562	0.000000	0.006510
1846	0.826389	0.000000	0.006559
1847	0.823592	0.000000	0.001206
1848	0.826100	0.000000	-0.000096
1849	0.825907	0.000000	-0.001591
1850	0.829861	0.000000	0.000048
1851	0.830633	0.000000	-0.003569
1852	0.833719	0.000000	-0.003038
1853	0.837867	0.000000	-0.003135
1854	0.831308	0.000000	-0.002459
1855	0.828414	0.000000	-0.005160
1856	0.832176	0.000000	-0.004196
1857	0.831694	0.000000	-0.002749
1858	0.833044	0.000000	0.001543
1859	0.828029	0.000000	0.001109
1860	0.830440	0.000000	0.006944
1861	0.829282	0.000000	0.001929
1862	0.832562	0.000000	0.003617
1863	0.832272	0.000000	0.006752
1864	0.827739	0.000000	0.008970
1865	0.829958	0.000000	0.006221
1866	0.827160	0.000000	0.005257
1867	0.824460	0.000000	0.007234
1868	0.822145	0.000000	0.010465
1869	0.829090	0.000000	0.006173
1870	0.833140	0.000000	0.000772
1871	0.836420	0.000000	0.006366
1872	0.828607	0.000000	0.005642
1873	0.830826	0.000000	0.007668
1874	0.834877	0.000000	0.007764
1875	0.833430	0.000000	0.006510
1876	0.827257	0.000000	0.004389
1877	0.828704	0.000000	0.005739
1878	0.826485	0.000000	0.006752
1879	0.832176	0.000000	0.006510
1880	0.833333	0.000000	0.005594
1881	0.829379	0.000000	0.005691
1882	0.825714	0.000000	0.005498
1883	0.828704	0.000000	0.004196
1884	0.831887	0.000000	0.001977
1885	0.831404	0.000000	-0.001206
1886	0.827160	0.000000	0.000193
1887	0.823881	0.000000	-0.002604
1888	0.824460	0.000000	-0.001591
1889	0.822917	0.000000	-0.000145
1890	0.826100	0.000000	-0.003038
1891	0.821759	0.000000	-0.000289
1892	0.830150	0.000000	0.001013
1893	0.823978	0.000000	0.000820
1894	0.822434	0.000000	-0.003328
1895	0.827064	0.000000	-0.004340
1896	0.823495	0.000000	-0.004147
1897	0.827546	0.000000	-0.007137
1898	0.824556	0.000000	-0.008970
1899	0.827836	0.000000	-0.009356
1900	0.830536	0.000000	-0.009693
1901	0.833140	0.000000	-0.008584
1902	0.836034	0.000000	-0.009645
1903	0.834105	0.000000	-0.010320
1904	0.828125	0.000000	-0.012780
1905	0.823495	0.000000	-0.008198
1906	0.822338	0.000000	-0.012008
1907	0.817805	0.000000	-0.012828
1908	0.816647	0.000000	-0.013792
1909	0.814236	0.000000	-0.013021
1910	0.817130	0.000000	-0.008439
1911	0.820988	0.000000	-0.005691
1912	0.827739	0.000000	-0.007957
1913	0.831211	0.000000	-0.010610
1914	0.826775	0.000000	-0.008391
1915	0.830922	0.000000	-0.012201
1916	0.834877	0.000000	-0.008439
1917	0.831308	0.000000	-0.009163
1918	0.825714	0.000000	-0.009983
1919	0.819637	0.000000	-0.009452
1920	0.819830	0.000000	-0.010224
1921	0.820795	0.000000	-0.014371
1922	0.824460	0.000000	-0.009549
1923	0.826871	0.000000	-0.009693
1924	0.830054	0.000000	-0.008584
1925	0.830247	0.000000	-0.007330
1926	0.825231	0.000000	-0.010320
1927	0.826100	0.000000	-0.015143
1928	0.830633	0.000000	-0.011719
1929	0.830922	0.000000	-0.011767
1930	0.828414	0.000000	-0.009645
1931	0.820795	0.000000	-0.005546
1932	0.824942	0.000000	-0.005353
1933	0.829668	0.000000	-0.000048
1934	0.827546	0.000000	0.002074
1935	0.831694	0.000000	-0.000820
1936	0.830536	0.000000	-0.001495
1937	0.833719	0.000000	0.001591
1938	0.833044	0.000000	0.001350
1939	0.832369	0.000000	0.000241
1940	0.834201	0.000000	-0.003328
1941	0.845100	0.000000	0.001784
1942	0.848187	0.000000	0.002459
1943	0.841532	0.000000	0.005257
1944	0.839217	0.000000	0.003472
1945	0.841821	0.000000	0.004003
1946	0.837674	0.000000	-0.000338
1947	0.839699	0.000000	-0.002556
1948	0.839603	0.000000	-0.001206
1949	0.836613	0.000000	0.001399
1950	0.832369	0.000000	0.002845
1951	0.835166	0.000000	0.005208
1952	0.832658	0.000000	0.004823
1953	0.832755	0.000000	0.006655
1954	0.823206	0.000000	0.006993
1955	0.824460	0.000000	0.007909
1956	0.825810	0.000000	0.008922
1957	0.829572	0.000000	0.009693
1958	0.831887	0.000000	0.005112
1959	0.829572	0.000000	0.006848
1960	0.826292	0.000000	0.005449
1961	0.825135	0.000000	0.004292
1962	0.825424	0.000000	0.003762
1963	0.832272	0.000000	0.007861
1964	0.826196	0.000000	-0.000048
1965	0.822145	0.000000	-0.002701
1966	0.825231	0.000000	0.002701
1967	0.823206	0.000000	0.002508
1968	0.825039	0.000000	0.005064
1969	0.833526	0.000000	0.003906
1970	0.837577	0.000000	0.004292
1971	0.835262	0.000000	0.005064
1972	0.835745	0.000000	0.004630
1973	0.824267	0.000000	0.004581
1974	0.828704	0.000000	0.005449
1975	0.831501	0.000000	0.004630
1976	0.831597	0.000000	0.004581
1977	0.831019	0.000000	0.003328
1978	0.827450	0.000000	0.002074
1979	0.824942	0.000000	-0.003810
1980	0.826678	0.000000	-0.005594
1981	0.825907	0.000000	-0.003279
1982	0.827064	0.000000	-0.000289
1983	0.832176	0.000000	0.002267
1984	0.834684	0.000000	0.000338
1985	0.829186	0.000000	0.000096
1986	0.829958	0.000000	-0.001591
1987	0.835938	0.000000	-0.002025
1988	0.834973	0.000000	-0.000868
1989	0.840085	0.000000	-0.005449
1990	0.834491	0.000000	-0.003135
1991	0.822434	0.000000	-0.001881
1992	0.826100	0.000000	-0.001302
1993	0.828221	0.000000	0.001061
1994	0.827546	0.000000	0.001254
1995	0.831404	0.000000	-0.000820
1996	0.833719	0.000000	0.000916
1997	0.834587	0.000000	0.002845
1998	0.834684	0.000000	0.003183
1999	0.829958	0.000000	0.004147
2000	0.834684	0.000000	0.004099
2001	0.831887	0.000000	0.006703
2002	0.832658	0.000000	0.005691
2003	0.835745	0.000000	0.008054
2004	0.838349	0.000000	0.005449
2005	0.842110	0.000000	0.003665
2006	0.835938	0.000000	0.004726
2007	0.832176	0.000000	0.008439
2008	0.835166	0.000000	0.007716
2009	0.839603	0.000000	0.004678
2010	0.841532	0.000000	0.006462
2011	0.836998	0.000000	0.001206
2012	0.838542	0.000000	0.001495
2013	0.835069	0.000000	0.004485
2014	0.837384	0.000000	0.004774
2015	0.830536	0.000000	0.002267
2016	0.828318	0.000000	0.004774
2017	0.832851	0.000000	0.000145
2018	0.831115	0.000000	0.001254
2019	0.831887	0.000000	0.001206
2020	0.828318	0.000000	0.002990
2021	0.825039	0.000000	0.001157
2022	0.826871	0.000000	0.004051
2023	0.821566	0.000000	0.004292
2024	0.819637	0.000000	0.005883
2025	0.826196	0.000000	-0.000386
2026	0.829282	0.000000	0.003762
2027	0.821759	0.000000	-0.000096
2028	0.826100	0.000000	0.001640
2029	0.825039	0.000000	-0.001206
2030	0.820988	0.000000	0.000723
2031	0.823495	0.000000	0.001254
2032	0.827932	0.000000	0.003279
2033	0.832755	0.000000	-0.001013
2034	0.829958	0.000000	0.000000
2035	0.825424	0.000000	0.000916
2036	0.824942	0.000000	0.000916
2037	0.831211	0.000000	-0.000338
2038	0.828221	0.000000	0.001736
2039	0.834008	0.000000	0.000000
2040	0.835166	0.000000	-0.007813
2041	0.831501	0.000000	-0.006125
2042	0.831790	0.000000	-0.001157
2043	0.829572	0.000000	-0.002025
2044	0.828607	0.000000	-0.000530
2045	0.828125	0.000000	-0.002990
2046	0.831790	0.000000	-0.002122
2047	0.837577	0.000000	-0.000868
2048	0.835455	0.000000	-0.001013
2049	0.834394	0.000000	-0.000868
2050	0.837577	0.000000	0.001399
2051	0.835262	0.000000	0.004389
2052	0.839120	0.000000	0.002411
2053	0.835359	0.000000	0.001157
2054	0.835552	0.000000	0.000868
2055	0.834877	0.000000	0.003665
2056	0.835648	0.000000	0.003135
2057	0.834008	0.000000	0.002652
2058	0.834201	0.000000	0.001784
2059	0.837577	0.000000	-0.000289
2060	0.836613	0.000000	-0.000579
2061	0.837577	0.000000	0.003906
2062	0.836613	0.000000	0.004919
2063	0.833816	0.000000	0.001543
2064	0.836130	0.000000	0.003424
2065	0.831019	0.000000	0.002411
2066	0.829186	0.000000	0.005691
2067	0.831887	0.000000	0.004967
2068	0.833526	0.000000	0.007620
2069	0.834201	0.000000	0.008005
2070	0.828800	0.000000	0.008681
2071	0.829958	0.000000	0.006173
2072	0.830536	0.000000	0.002459
2073	0.827643	0.000000	0.002990
2074	0.829282	0.000000	0.007957
2075	0.830633	0.000000	0.006896
2076	0.831501	0.000000	0.003569
2077	0.825810	0.000000	0.007234
2078	0.823592	0.000000	0.003231
2079	0.830054	0.000000	0.002122
2080	0.830054	0.000000	0.005932
2081	0.820120	0.000000	0.005932
2082	0.823399	0.000000	0.002797
2083	0.822049	0.000000	0.000965
2084	0.826003	0.000000	0.000145
2085	0.822338	0.000000	-0.002556
2086	0.823978	0.000000	-0.003038
2087	0.821856	0.000000	-0.004485
2088	0.822724	0.000000	-0.000241
2089	0.822531	0.000000	-0.002025
2090	0.829379	0.000000	0.003520
2091	0.831115	0.000000	0.003135
2092	0.832755	0.000000	0.002797
2093	0.827643	0.000000	-0.001736
2094	0.832851	0.000000	-0.003328
2095	0.835841	0.000000	-0.002508
2096	0.836998	0.000000	0.000289
2097	0.832851	0.000000	0.001061
2098	0.832851	0.000000	0.000675
2099	0.839217	0.000000	0.001302
2100	0.839796	0.000000	-0.002267
2101	0.837288	0.000000	0.000723
2102	0.835648	0.000000	0.000868
2103	0.842689	0.000000	0.003376
2104	0.845679	0.000000	0.003328
2105	0.843461	0.000000	0.001688
2106	0.838735	0.000000	0.004726
2107	0.840374	0.000000	0.005498
2108	0.834491	0.000000	0.008198
2109	0.831887	0.000000	0.001302
2110	0.832851	0.000000	0.002218
2111	0.833430	0.000000	0.001399
2112	0.835648	0.000000	-0.000916
2113	0.835648	0.000000	-0.003279
2114	0.830826	0.000000	-0.003569
2115	0.837577	0.000000	-0.003038
2116	0.834394	0.000000	-0.002074
2117	0.830343	0.000000	-0.004533
2118	0.831983	0.000000	-0.002797
2119	0.831404	0.000000	-0.001254
2120	0.831983	0.000000	-0.004437
2121	0.826871	0.000000	-0.002652
2122	0.826485	0.000000	-0.005498
2123	0.836709	0.000000	-0.002894
2124	0.832851	0.000000	0.003231
2125	0.835938	0.000000	0.000289
2126	0.829475	0.000000	0.000145
2127	0.830536	0.000000	-0.003424
2128	0.828897	0.000000	-0.000338
2129	0.825617	0.000000	-0.001350
2130	0.824074	0.000000	-0.000145
2131	0.830826	0.000000	0.002556
2132	0.824749	0.000000	0.002170
2133	0.825328	0.000000	-0.001254
2134	0.822145	0.000000	-0.000675
2135	0.818866	0.000000	-0.001543
2136	0.824556	0.000000	-0.000675
2137	0.822338	0.000000	-0.002025
2138	0.831597	0.000000	-0.001254
2139	0.829186	0.000000	-0.006125
2140	0.830633	0.000000	-0.006510
2141	0.834105	0.000000	-0.002411
2142	0.832272	0.000000	-0.004581
2143	0.830343	0.000000	-0.003858
2144	0.835648	0.000000	-0.001591
2145	0.833044	0.000000	-0.000868
2146	0.835552	0.000000	-0.000579
2147	0.839313	0.000000	0.004147
2148	0.839506	0.000000	0.001640
2149	0.835745	0.000000	-0.002170
2150	0.838927	0.000000	-0.001061
2151	0.833140	0.000000	-0.001543
2152	0.836227	0.000000	0.001013
2153	0.838252	0.000000	0.001302
2154	0.834587	0.000000	-0.000723
2155	0.831597	0.000000	-0.001591
2156	0.828800	0.000000	-0.004630
2157	0.816744	0.000000	-0.005208
2158	0.823881	0.000000	-0.004196
2159	0.825617	0.000000	-0.005546
2160	0.826003	0.000000	-0.007282
2161	0.825328	0.000000	-0.005401
2162	0.823110	0.000000	-0.005112
2163	0.823399	0.000000	-0.003762
2164	0.828029	0.000000	-0.005449
2165	0.828414	0.000000	-0.004823
2166	0.827353	0.000000	-0.003520
2167	0.826292	0.000000	-0.002701
2168	0.827739	0.000000	0.000723
2169	0.820988	0.000000	0.004099
2170	0.827257	0.000000	0.006848
2171	0.828414	0.000000	0.005305
2172	0.829958	0.000000	0.002797
2173	0.821470	0.000000	0.001977
2174	0.824267	0.000000	0.000530
2175	0.827546	0.000000	-0.001495
2176	0.824846	0.000000	-0.002508
2177	0.826196	0.000000	0.001688
2178	0.830054	0.000000	-0.000386
2179	0.837867	0.000000	0.001543
2180	0.837384	0.000000	-0.000530
2181	0.831115	0.000000	-0.002459
2182	0.826196	0.000000	-0.003713
2183	0.827450	0.000000	-0.006028
2184	0.823592	0.000000	-0.005305
2185	0.829572	0.000000	-0.001061
2186	0.831501	0.000000	-0.001254
2187	0.833623	0.000000	-0.007957
2188	0.832176	0.000000	-0.003617
2189	0.831211	0.000000	-0.000965
2190	0.827739	0.000000	-0.002025
2191	0.825039	0.000000	-0.003038
2192	0.827064	0.000000	-0.000530
2193	0.828414	0.000000	-0.003520
2194	0.822820	0.000000	-0.005546
2195	0.828029	0.000000	-0.001881
2196	0.826485	0.000000	-0.010176
2197	0.818576	0.000000	-0.011574
2198	0.815683	0.000000	-0.010176
2199	0.815104	0.000000	-0.011622
2200	0.817708	0.000000	-0.009983
2201	0.817130	0.000000	-0.010176
2202	0.819541	0.000000	-0.006269
2203	0.820698	0.000000	-0.002942
2204	0.830150	0.000000	-0.004485
2205	0.830729	0.000000	-0.001929
2206	0.834105	0.000000	-0.002363
2207	0.830536	0.000000	-0.007909
2208	0.835648	0.000000	-0.003086
2209	0.838059	0.000000	-0.004774
2210	0.836516	0.000000	0.003279
2211	0.833430	0.000000	-0.001157
2212	0.834394	0.000000	-0.005257
2213	0.827160	0.000000	-0.002749
2214	0.821952	0.000000	-0.002701
2215	0.825039	0.000000	-0.006173
2216	0.832176	0.000000	-0.004340
2217	0.825810	0.000000	-0.007571
2218	0.826678	0.000000	-0.006703
2219	0.825714	0.000000	-0.007523
2220	0.829861	0.000000	-0.009018
2221	0.830729	0.000000	-0.011333
2222	0.833719	0.000000	-0.015577
