# tiempo	energia_plaqueta	O10	magnetizacion
1	0.373360	0.000000	0.003135
2	0.532022	0.000000	0.004099
3	0.625096	0.000000	0.003520
4	0.675733	0.000000	0.001447
5	0.710745	0.000000	0.003762
6	0.731578	0.000000	0.002942
7	0.752411	0.000000	0.001061
8	0.768422	0.000000	-0.004051
9	0.778935	0.000000	0.001929
10	0.790606	0.000000	0.008681
11	0.791184	0.000000	0.004533
12	0.795332	0.000000	0.003424
13	0.800154	0.000000	-0.002797
14	0.804591	0.000000	0.000482
15	0.811728	0.000000	0.003617
16	0.813561	0.000000	0.002894
17	0.821373	0.000000	0.009356
18	0.824074	0.000000	0.006366
19	0.828800	0.000000	0.007378
20	0.832079	0.000000	0.007378
21	0.822627	0.000000	0.005980
22	0.827932	0.000000	0.003231
23	0.831790	0.000000	-0.001736
24	0.831983	0.000000	0.000048
25	0.827450	0.000000	-0.001495
26	0.833526	0.000000	-0.002411
27	0.834298	0.000000	-0.001640
28	0.835166	0.000000	-0.004389
29	0.834587	0.000000	-0.003376
30	0.840278	0.000000	-0.003665
31	0.834877	0.000000	-0.000723
32	0.833623	0.000000	-0.005353
33	0.829958	0.000000	-0.004437
34	0.835359	0.000000	-0.003858
35	0.833430	0.000000	-0.004678
36	0.837288	0.000000	-0.004244
37	0.836420	0.000000	-0.000772
38	0.830826	0.000000	-0.001543
39	0.829668	0.000000	-0.004774
40	0.828125	0.000000	-0.006028
41	0.830247	0.000000	-0.004726
42	0.832755	0.000000	-0.008102
43	0.823688	0.000000	-0.005835
44	0.830247	0.000000	-0.002218
45	0.832176	0.000000	-0.006607
46	0.831983	0.000000	-0.006076
47	0.831115	0.000000	-0.005112
48	0.833430	0.000000	-0.008391
49	0.837867	0.000000	-0.010754
50	0.842689	0.000000	-0.011140
51	0.841532	0.000000	-0.012297
52	0.832176	0.000000	-0.011671
53	0.830440	0.000000	-0.008873
54	0.834587	0.000000	-0.003424
55	0.832851	0.000000	-0.009452
56	0.833044	0.000000	-0.006800
57	0.827160	0.000000	-0.007909
58	0.827450	0.000000	-0.003472
59	0.830633	0.000000	-0.006655
60	0.838349	0.000000	-0.005208
61	0.837963	0.000000	-0.005112
62	0.830633	0.000000	-0.009597
63	0.836034	0.000000	-0.010079
64	0.829668	0.000000	-0.009066
65	0.827546	0.000000	-0.007475
66	0.832658	0.000000	-0.008873
67	0.838638	0.000000	-0.005160
68	0.839603	0.000000	-0.006462
69	0.839796	0.000000	-0.003328
70	0.839410	0.000000	-0.006800
71	0.836034	0.000000	-0.004871
72	0.830826	0.000000	-0.004437
73	0.829090	0.000000	-0.003231
74	0.832176	0.000000	-0.003906
75	0.831694	0.000000	-0.006221
76	0.828125	0.000000	-0.007523
77	0.829572	0.000000	-0.009115
78	0.829572	0.000000	-0.005064
79	0.831694	0.000000	-0.004919
80	0.822627	0.000000	-0.003424
81	0.828511	0.000000	-0.002701
82	0.834973	0.000000	0.001350
83	0.835455	0.000000	0.000627
84	0.835069	0.000000	0.000820
85	0.832948	0.000000	0.002749
86	0.832755	0.000000	0.004967
87	0.833526	0.000000	0.005401
88	0.822724	0.000000	0.005401
89	0.830440	0.000000	0.004292
90	0.834201	0.000000	0.008391
91	0.830440	0.000000	0.003665
92	0.824749	0.000000	0.002749
93	0.827932	0.000000	0.000434
94	0.831115	0.000000	-0.000434
95	0.834780	0.000000	-0.000145
96	0.831308	0.000000	-0.005691
97	0.832272	0.000000	-0.004581
98	0.829765	0.000000	0.001157
99	0.834877	0.000000	0.001109
100	0.834394	0.000000	-0.002604
101	0.837095	0.000000	0.001399
102	0.835648	0.000000	0.000530
103	0.838059	0.000000	0.000386
104	0.843461	0.000000	-0.006125
105	0.845486	0.000000	-0.002508
106	0.842400	0.000000	-0.004533
107	0.841049	0.000000	-0.002797
108	0.844715	0.000000	-0.003569
109	0.842978	0.000000	-0.003424
110	0.846836	0.000000	-0.003472
111	0.847126	0.000000	-0.004196
112	0.845872	0.000000	-0.000096
113	0.847222	0.000000	-0.001399
114	0.838059	0.000000	0.001736
115	0.832465	0.000000	0.000723
116	0.833140	0.000000	0.004919
117	0.836613	0.000000	0.004774
118	0.841242	0.000000	0.003520
119	0.842785	0.000000	-0.000193
120	0.843364	0.000000	-0.000820
121	0.840856	0.000000	0.002315
122	0.845100	0.000000	0.003328
123	0.840567	0.000000	0.008488
124	0.838349	0.000000	0.007089
125	0.839313	0.000000	0.009163
126	0.842207	0.000000	0.008005
127	0.834780	0.000000	0.006848
128	0.837674	0.000000	0.005642
129	0.834201	0.000000	0.006993
130	0.837963	0.000000	0.004485
131	0.837384	0.000000	0.005594
132	0.845293	0.000000	0.001640
133	0.845583	0.000000	0.002267
134	0.851466	0.000000	0.002942
135	0.846065	0.000000	0.000530
136	0.843557	0.000000	-0.000338
137	0.848669	0.000000	0.000916
138	0.842978	0.000000	-0.000048
139	0.839796	0.000000	0.002845
140	0.839699	0.000000	-0.000096
141	0.840085	0.000000	-0.001254
142	0.834105	0.000000	0.001929
143	0.834105	0.000000	0.001157
144	0.829668	0.000000	-0.003038
145	0.828800	0.000000	0.002990
146	0.825907	0.000000	0.003472
147	0.828221	0.000000	0.002267
148	0.818383	0.000000	0.002556
149	0.815008	0.000000	0.000820
150	0.818383	0.000000	0.000434
151	0.821277	0.000000	-0.001109
152	0.824556	0.000000	0.000579
153	0.822434	0.000000	0.000145
154	0.817226	0.000000	-0.003424
155	0.822145	0.000000	-0.001736
156	0.814622	0.000000	0.000579
157	0.821181	0.000000	-0.004678
158	0.825328	0.000000	-0.000675
159	0.823110	0.000000	-0.005739
160	0.833623	0.000000	-0.006896
161	0.827546	0.000000	-0.007813
162	0.823688	0.000000	-0.006269
163	0.824942	0.000000	-0.006462
164	0.817130	0.000000	-0.004340
165	0.818769	0.000000	-0.004196
166	0.817323	0.000000	-0.000530
167	0.814236	0.000000	-0.004533
168	0.817612	0.000000	-0.005980
169	0.815104	0.000000	-0.002556
170	0.815201	0.000000	-0.000096
171	0.819927	0.000000	0.001399
172	0.822627	0.000000	0.000241
173	0.825328	0.000000	-0.002508
174	0.818383	0.000000	-0.005112
175	0.819541	0.000000	-0.005064
176	0.813850	0.000000	-0.001254
177	0.818962	0.000000	0.003617
178	0.817226	0.000000	-0.000820
179	0.821084	0.000000	0.002701
180	0.820698	0.000000	0.001013
181	0.821373	0.000000	0.001591
182	0.821470	0.000000	0.004196
183	0.828125	0.000000	-0.002845
184	0.824942	0.000000	0.003520
185	0.827546	0.000000	0.000579
186	0.823110	0.000000	-0.001013
187	0.824267	0.000000	-0.001302
188	0.825424	0.000000	-0.000868
189	0.830343	0.000000	-0.001495
190	0.835359	0.000000	-0.003713
191	0.836709	0.000000	-0.002845
192	0.832948	0.000000	-0.002604
193	0.834008	0.000000	-0.007137
194	0.831019	0.000000	-0.005546
195	0.829282	0.000000	-0.005208
196	0.826003	0.000000	-0.003472
197	0.824074	0.000000	-0.003038
198	0.824363	0.000000	0.000434
199	0.825424	0.000000	-0.002604
200	0.830440	0.000000	-0.005257
201	0.828800	0.000000	-0.003762
202	0.824942	0.000000	-0.005064
203	0.823785	0.000000	-0.004196
204	0.817515	0.000000	-0.006559
205	0.820313	0.000000	-0.006800
206	0.826582	0.000000	-0.003231
207	0.832755	0.000000	-0.004147
208	0.841242	0.000000	-0.001833
209	0.843654	0.000000	0.000530
210	0.845968	0.000000	-0.001833
211	0.845004	0.000000	0.001591
212	0.845100	0.000000	0.006076
213	0.841049	0.000000	0.004196
214	0.840664	0.000000	0.004003
215	0.839988	0.000000	0.002122
216	0.834201	0.000000	0.003713
217	0.836806	0.000000	0.002701
218	0.831019	0.000000	0.002411
219	0.833816	0.000000	-0.000868
220	0.831115	0.000000	0.001350
221	0.834491	0.000000	0.001736
222	0.827257	0.000000	0.002942
223	0.830247	0.000000	-0.000386
224	0.828318	0.000000	0.004871
225	0.829090	0.000000	0.003520
226	0.829572	0.000000	0.004823
227	0.826292	0.000000	0.001495
228	0.827739	0.000000	0.002170
229	0.829958	0.000000	0.001784
230	0.826582	0.000000	0.001977
231	0.825810	0.000000	0.001929
232	0.828511	0.000000	0.001784
233	0.828511	0.000000	0.001013
234	0.831501	0.000000	-0.003086
235	0.833140	0.000000	-0.004678
236	0.829765	0.000000	-0.003038
237	0.834684	0.000000	-0.004485
238	0.836902	0.000000	0.001157
239	0.834491	0.000000	0.003231
240	0.829090	0.000000	0.004292
241	0.824556	0.000000	0.003617
242	0.829668	0.000000	-0.000579
243	0.828511	0.000000	0.000048
244	0.831308	0.000000	0.001350
245	0.832658	0.000000	-0.000868
246	0.836034	0.000000	-0.003906
247	0.835069	0.000000	-0.007378
248	0.833140	0.000000	-0.005883
249	0.827932	0.000000	-0.003424
250	0.827450	0.000000	-0.005932
251	0.830536	0.000000	-0.009693
252	0.826775	0.000000	-0.007475
253	0.829475	0.000000	-0.009790
254	0.828897	0.000000	-0.007186
255	0.831790	0.000000	-0.007041
256	0.832658	0.000000	-0.007523
257	0.835938	0.000000	-0.005401
258	0.839796	0.000000	-0.001254
259	0.836034	0.000000	0.000241
260	0.836806	0.000000	-0.004292
261	0.837095	0.000000	-0.009452
262	0.840856	0.000000	-0.009500
263	0.837481	0.000000	-0.011622
264	0.838156	0.000000	-0.008150
265	0.832465	0.000000	-0.008922
266	0.830922	0.000000	-0.005739
267	0.831887	0.000000	-0.004871
268	0.830729	0.000000	-0.004774
269	0.826292	0.000000	-0.005257
270	0.830536	0.000000	-0.005353
271	0.828221	0.000000	-0.010754
272	0.827064	0.000000	-0.012442
273	0.827064	0.000000	-0.011044
274	0.822434	0.000000	-0.012924
275	0.825714	0.000000	-0.012056
276	0.825328	0.000000	-0.015721
277	0.826100	0.000000	-0.013262
278	0.824363	0.000000	-0.012105
279	0.817515	0.000000	-0.009549
280	0.808835	0.000000	-0.011092
281	0.812404	0.000000	-0.008970
282	0.817805	0.000000	-0.007813
283	0.821084	0.000000	-0.009549
284	0.821759	0.000000	-0.006414
285	0.822049	0.000000	-0.004919
286	0.827450	0.000000	-0.004774
287	0.824074	0.000000	-0.005691
288	0.826775	0.000000	-0.000916
289	0.831115	0.000000	-0.000675
290	0.831019	0.000000	-0.001157
291	0.829861	0.000000	-0.005980
292	0.826485	0.000000	-0.004533
293	0.825424	0.000000	-0.005691
294	0.825521	0.000000	-0.006752
295	0.825424	0.000000	-0.004196
296	0.826485	0.000000	-0.001640
297	0.825328	0.000000	-0.001784
298	0.829090	0.000000	-0.000048
299	0.823592	0.000000	-0.003231
300	0.826678	0.000000	-0.004340
301	0.826678	0.000000	-0.001736
302	0.828029	0.000000	-0.004003
303	0.828897	0.000000	-0.003617
304	0.824749	0.000000	-0.003328
305	0.832948	0.000000	-0.005498
306	0.834877	0.000000	-0.003520
307	0.829958	0.000000	-0.001302
308	0.822627	0.000000	-0.006703
309	0.828897	0.000000	-0.003424
310	0.825521	0.000000	-0.000916
311	0.828511	0.000000	-0.003569
312	0.830826	0.000000	-0.003376
313	0.839699	0.000000	-0.004244
314	0.836613	0.000000	-0.001157
315	0.840278	0.000000	-0.002845
316	0.836034	0.000000	-0.004196
317	0.836034	0.000000	-0.002797
318	0.836323	0.000000	-0.004871
319	0.839410	0.000000	-0.000675
320	0.842689	0.000000	-0.003713
321	0.845679	0.000000	-0.001640
322	0.839988	0.000000	0.000241
323	0.844329	0.000000	-0.004678
324	0.842496	0.000000	-0.005257
325	0.843846	0.000000	-0.006414
326	0.844329	0.000000	-0.005932
327	0.842882	0.000000	-0.003954
328	0.838638	0.000000	-0.002556
329	0.832176	0.000000	-0.001881
330	0.826871	0.000000	-0.003665
331	0.826775	0.000000	-0.002845
332	0.827739	0.000000	-0.002363
333	0.828897	0.000000	0.001929
334	0.833912	0.000000	-0.000096
335	0.828993	0.000000	-0.001977
336	0.831211	0.000000	0.001929
337	0.836998	0.000000	0.000627
338	0.832079	0.000000	-0.002942
339	0.829572	0.000000	0.000482
340	0.825424	0.000000	0.001736
341	0.827546	0.000000	0.000338
342	0.819252	0.000000	0.003135
343	0.821277	0.000000	-0.000289
344	0.823013	0.000000	-0.003279
345	0.819252	0.000000	-0.004292
346	0.817805	0.000000	0.000772
347	0.815972	0.000000	-0.001109
348	0.814525	0.000000	-0.001977
349	0.815490	0.000000	-0.004340
350	0.819444	0.000000	-0.005015
351	0.812789	0.000000	0.001833
352	0.817612	0.000000	0.004678
353	0.815876	0.000000	0.006221
354	0.821856	0.000000	0.003279
355	0.821663	0.000000	0.004003
356	0.823302	0.000000	0.007186
357	0.819830	0.000000	0.008825
358	0.811921	0.000000	0.008632
359	0.807774	0.000000	0.009838
360	0.818673	0.000000	0.009693
361	0.820988	0.000000	0.006221
362	0.818383	0.000000	0.005932
363	0.819444	0.000000	0.004678
364	0.821952	0.000000	0.001447
365	0.824653	0.000000	0.000289
366	0.823978	0.000000	0.003424
367	0.828221	0.000000	0.003183
368	0.826582	0.000000	0.003762
369	0.831019	0.000000	0.004244
370	0.829186	0.000000	0.001784
371	0.829475	0.000000	-0.004967
372	0.820795	0.000000	0.000820
373	0.816937	0.000000	0.002894
374	0.821759	0.000000	-0.001640
375	0.827546	0.000000	-0.003954
376	0.824749	0.000000	-0.003472
377	0.820698	0.000000	-0.007234
378	0.820891	0.000000	-0.004292
379	0.827064	0.000000	-0.005594
380	0.823881	0.000000	-0.008150
381	0.830343	0.000000	-0.001736
382	0.831404	0.000000	0.000241
383	0.823495	0.000000	-0.000145
384	0.829090	0.000000	0.000434
385	0.823495	0.000000	-0.003424
386	0.830054	0.000000	-0.002749
387	0.826968	0.000000	-0.000675
388	0.830247	0.000000	0.000145
389	0.820988	0.000000	-0.000048
390	0.822145	0.000000	0.003665
391	0.813947	0.000000	0.004051
392	0.815683	0.000000	0.003328
393	0.814718	0.000000	0.002363
394	0.812404	0.000000	-0.000386
395	0.814429	0.000000	-0.002218
396	0.819059	0.000000	-0.001447
397	0.814429	0.000000	0.000530
398	0.820505	0.000000	-0.000145
399	0.815586	0.000000	-0.003617
400	0.812114	0.000000	-0.004244
401	0.814622	0.000000	0.001061
402	0.814140	0.000000	0.003279
403	0.816069	0.000000	0.000916
404	0.822338	0.000000	0.000965
405	0.818673	0.000000	-0.000145
406	0.819155	0.000000	-0.001254
407	0.825521	0.000000	0.000386
408	0.825714	0.000000	0.000289
409	0.822145	0.000000	0.001543
410	0.823688	0.000000	0.003617
411	0.830536	0.000000	0.001447
412	0.828511	0.000000	-0.006510
413	0.829186	0.000000	-0.006462
414	0.828125	0.000000	-0.004244
415	0.829958	0.000000	-0.005883
416	0.832948	0.000000	-0.003617
417	0.838735	0.000000	-0.002894
418	0.841821	0.000000	-0.005498
419	0.841628	0.000000	-0.004823
420	0.839699	0.000000	-0.003472
421	0.838445	0.000000	-0.003665
422	0.840374	0.000000	-0.006462
423	0.832948	0.000000	-0.002990
424	0.835648	0.000000	-0.000772
425	0.835552	0.000000	-0.001350
426	0.837191	0.000000	-0.000723
427	0.840085	0.000000	-0.001543
428	0.833140	0.000000	-0.000048
429	0.836227	0.000000	0.001591
430	0.837674	0.000000	0.000579
431	0.838059	0.000000	-0.004581
432	0.837288	0.000000	-0.000820
433	0.842785	0.000000	0.000289
434	0.842785	0.000000	0.001254
435	0.846740	0.000000	-0.002652
436	0.849151	0.000000	-0.006510
437	0.843268	0.000000	-0.002701
438	0.844425	0.000000	-0.006269
439	0.845486	0.000000	-0.007041
440	0.840953	0.000000	-0.005691
441	0.843364	0.000000	-0.005594
442	0.842303	0.000000	-0.002170
443	0.836034	0.000000	-0.004389
444	0.843461	0.000000	-0.002267
445	0.840856	0.000000	-0.000145
446	0.842014	0.000000	-0.001495
447	0.845390	0.000000	-0.000434
448	0.842496	0.000000	-0.002074
449	0.842014	0.000000	0.003086
450	0.844618	0.000000	0.002701
451	0.834105	0.000000	0.000338
452	0.840278	0.000000	0.000289
453	0.844039	0.000000	0.001447
454	0.840567	0.000000	-0.000386
455	0.837770	0.000000	0.000482
456	0.830826	0.000000	0.003569
457	0.834201	0.000000	-0.000145
458	0.831115	0.000000	0.001447
459	0.833430	0.000000	0.004051
460	0.832948	0.000000	0.005449
461	0.828511	0.000000	0.007813
462	0.831501	0.000000	0.005739
463	0.832079	0.000000	0.004630
464	0.837481	0.000000	0.007330
465	0.836613	0.000000	0.005160
466	0.835648	0.000000	0.007475
467	0.832176	0.000000	0.006028
468	0.836034	0.000000	0.006896
469	0.836034	0.000000	0.007186
470	0.838059	0.000000	0.003762
471	0.842593	0.000000	0.005739
472	0.840760	0.000000	0.006173
473	0.835648	0.000000	0.008777
474	0.828897	0.000000	0.005835
475	0.830633	0.000000	0.012442
476	0.827450	0.000000	0.010176
477	0.828897	0.000000	0.008825
478	0.824460	0.000000	0.006028
479	0.824846	0.000000	0.004823
480	0.828704	0.000000	0.003424
481	0.832176	0.000000	0.002942
482	0.828704	0.000000	0.001736
483	0.826389	0.000000	0.000241
484	0.825039	0.000000	0.002363
485	0.824460	0.000000	0.007186
486	0.826775	0.000000	0.007330
487	0.826003	0.000000	0.001688
488	0.824074	0.000000	0.001206
489	0.817998	0.000000	0.001447
490	0.828897	0.000000	0.000675
491	0.826485	0.000000	0.000386
492	0.829958	0.000000	0.003954
493	0.828318	0.000000	0.008681
494	0.831019	0.000000	0.004099
495	0.830536	0.000000	0.004726
496	0.825810	0.000000	0.001881
497	0.820988	0.000000	0.003231
498	0.824171	0.000000	0.008054
499	0.818383	0.000000	0.010368
500	0.820313	0.000000	0.008729
501	0.821663	0.000000	0.008295
502	0.816840	0.000000	0.004099
503	0.818383	0.000000	-0.001833
504	0.822338	0.000000	0.000723
505	0.824267	0.000000	-0.003906
506	0.823978	0.000000	-0.002025
507	0.829186	0.000000	-0.004196
508	0.824171	0.000000	-0.003424
509	0.823302	0.000000	0.001640
510	0.824556	0.000000	0.000241
511	0.822242	0.000000	-0.002508
512	0.818769	0.000000	0.001977
513	0.822531	0.000000	0.004196
514	0.822917	0.000000	-0.000627
515	0.822820	0.000000	-0.000338
516	0.831983	0.000000	0.004919
517	0.834298	0.000000	0.000723
518	0.836130	0.000000	0.001447
519	0.833623	0.000000	0.001254
520	0.826582	0.000000	-0.001350
521	0.828704	0.000000	-0.003135
522	0.825328	0.000000	-0.004871
523	0.827257	0.000000	-0.008922
524	0.820505	0.000000	-0.010561
525	0.826100	0.000000	-0.006848
526	0.828704	0.000000	-0.006125
527	0.827739	0.000000	-0.008005
528	0.822917	0.000000	-0.005498
529	0.827739	0.000000	-0.008343
530	0.832562	0.000000	-0.005015
531	0.829282	0.000000	-0.005257
532	0.835745	0.000000	-0.003713
533	0.837674	0.000000	-0.006607
534	0.834684	0.000000	-0.005257
535	0.829572	0.000000	0.001206
536	0.830826	0.000000	-0.001929
537	0.830054	0.000000	-0.003231
538	0.829379	0.000000	-0.006269
539	0.831308	0.000000	-0.000675
540	0.825714	0.000000	-0.001881
541	0.825039	0.000000	-0.003086
542	0.831115	0.000000	-0.001109
543	0.836516	0.000000	-0.004871
544	0.833719	0.000000	-0.002315
545	0.825714	0.000000	0.000096
546	0.832465	0.000000	-0.004099
547	0.833044	0.000000	-0.003665
548	0.835648	0.000000	-0.005787
549	0.834394	0.000000	-0.003424
550	0.833430	0.000000	-0.004244
551	0.838735	0.000000	-0.005594
552	0.835359	0.000000	-0.004051
553	0.831983	0.000000	-0.006028
554	0.825714	0.000000	-0.003954
555	0.828221	0.000000	-0.008102
556	0.829090	0.000000	-0.001302
557	0.822627	0.000000	-0.005064
558	0.827932	0.000000	-0.004774
559	0.823881	0.000000	-0.004389
560	0.824074	0.000000	-0.003376
561	0.816358	0.000000	-0.001302
562	0.814911	0.000000	-0.002074
563	0.819252	0.000000	-0.002845
564	0.826582	0.000000	-0.001833
565	0.830633	0.000000	-0.006414
566	0.829186	0.000000	-0.005594
567	0.829861	0.000000	-0.004244
568	0.827257	0.000000	-0.002411
569	0.829475	0.000000	-0.003520
570	0.829186	0.000000	-0.001109
571	0.827353	0.000000	-0.006848
572	0.832272	0.000000	-0.002701
573	0.837577	0.000000	-0.003424
574	0.844425	0.000000	-0.001447
575	0.843461	0.000000	-0.000868
576	0.842110	0.000000	-0.002122
577	0.843750	0.000000	-0.002363
578	0.842593	0.000000	-0.003086
579	0.837674	0.000000	-0.006607
580	0.835648	0.000000	-0.004485
581	0.835552	0.000000	-0.007378
582	0.841532	0.000000	-0.007571
583	0.842785	0.000000	-0.005883
584	0.841339	0.000000	-0.003569
585	0.842978	0.000000	-0.002218
586	0.836613	0.000000	0.000000
587	0.836902	0.000000	-0.004678
588	0.840278	0.000000	-0.004823
589	0.844715	0.000000	-0.001881
590	0.838831	0.000000	-0.004340
591	0.834973	0.000000	-0.007089
592	0.836998	0.000000	-0.007668
593	0.836709	0.000000	-0.007571
594	0.842785	0.000000	-0.005401
595	0.840856	0.000000	-0.007716
596	0.841532	0.000000	-0.004147
597	0.844907	0.000000	-0.001302
598	0.843364	0.000000	0.000000
599	0.841049	0.000000	0.000434
600	0.834780	0.000000	0.001881
601	0.835841	0.000000	0.000965
602	0.839313	0.000000	-0.001350
603	0.846740	0.000000	0.005449
604	0.841532	0.000000	0.003424
605	0.837481	0.000000	0.001784
606	0.840278	0.000000	0.001784
607	0.840567	0.000000	0.003328
608	0.837191	0.000000	0.003713
609	0.839892	0.000000	0.000289
610	0.840760	0.000000	0.002218
611	0.840567	0.000000	0.003858
612	0.835745	0.000000	0.009549
613	0.841917	0.000000	0.008970
614	0.842110	0.000000	0.008198
615	0.839699	0.000000	0.007041
616	0.831694	0.000000	0.006414
617	0.833333	0.000000	0.006510
618	0.828607	0.000000	0.006221
619	0.827064	0.000000	0.005064
620	0.826389	0.000000	0.006221
621	0.828704	0.000000	0.005835
622	0.831790	0.000000	0.003376
623	0.830247	0.000000	0.002942
624	0.835552	0.000000	-0.002218
625	0.837191	0.000000	0.005257
626	0.828318	0.000000	0.002411
627	0.827932	0.000000	0.000338
628	0.833719	0.000000	0.006607
629	0.827546	0.000000	0.005112
630	0.829861	0.000000	0.004292
631	0.834684	0.000000	0.007089
632	0.832562	0.000000	0.008247
633	0.831501	0.000000	0.006848
634	0.842689	0.000000	0.009018
635	0.830729	0.000000	0.009693
636	0.831597	0.000000	0.008343
637	0.830633	0.000000	0.008488
638	0.832272	0.000000	0.006703
639	0.833237	0.000000	0.006993
640	0.832948	0.000000	0.002122
641	0.834298	0.000000	0.002267
642	0.837867	0.000000	0.002170
643	0.836998	0.000000	0.004823
644	0.839796	0.000000	0.004051
645	0.834008	0.000000	0.009163
646	0.830536	0.000000	0.008536
647	0.825231	0.000000	0.007523
648	0.828704	0.000000	0.008632
649	0.831887	0.000000	0.006269
650	0.832948	0.000000	0.001736
651	0.829090	0.000000	0.004967
652	0.829572	0.000000	0.007234
653	0.833719	0.000000	0.001350
654	0.840374	0.000000	0.005546
655	0.835166	0.000000	0.008102
656	0.834973	0.000000	0.005883
657	0.835455	0.000000	0.006414
658	0.834877	0.000000	0.005835
659	0.833430	0.000000	0.006752
660	0.829475	0.000000	0.004051
661	0.830440	0.000000	0.004581
662	0.823495	0.000000	0.001977
663	0.823881	0.000000	-0.001061
664	0.825328	0.000000	0.001591
665	0.826003	0.000000	-0.001591
666	0.826485	0.000000	0.001254
667	0.828414	0.000000	0.005015
668	0.827643	0.000000	0.006028
669	0.827739	0.000000	-0.002459
670	0.822820	0.000000	0.000096
671	0.824846	0.000000	0.005787
672	0.827160	0.000000	0.009211
673	0.828800	0.000000	0.008777
674	0.828800	0.000000	0.007523
675	0.822724	0.000000	0.009452
676	0.821952	0.000000	0.006269
677	0.824653	0.000000	0.003810
678	0.827836	0.000000	-0.002652
679	0.825810	0.000000	0.001977
680	0.833044	0.000000	0.001784
681	0.839699	0.000000	0.001736
682	0.834973	0.000000	0.001495
683	0.833140	0.000000	-0.000965
684	0.833526	0.000000	-0.001736
685	0.837288	0.000000	0.000338
686	0.833140	0.000000	0.003086
687	0.835262	0.000000	-0.001736
688	0.832272	0.000000	0.001495
689	0.833912	0.000000	0.000530
690	0.837674	0.000000	-0.000868
691	0.831597	0.000000	-0.003713
692	0.838542	0.000000	-0.000579
693	0.840953	0.000000	0.001784
694	0.845872	0.000000	0.001591
695	0.839603	0.000000	-0.000482
696	0.839699	0.000000	-0.002363
697	0.844715	0.000000	-0.001254
698	0.835841	0.000000	-0.003520
699	0.836998	0.000000	-0.006607
700	0.840471	0.000000	-0.007378
701	0.834491	0.000000	-0.008005
702	0.836227	0.000000	-0.005980
703	0.826678	0.000000	-0.009018
704	0.827450	0.000000	-0.009356
705	0.828125	0.000000	-0.006028
706	0.823688	0.000000	-0.005691
707	0.823592	0.000000	-0.001784
708	0.821373	0.000000	-0.003906
709	0.822242	0.000000	-0.004292
710	0.819830	0.000000	-0.002363
711	0.818480	0.000000	-0.004726
712	0.824460	0.000000	-0.005208
713	0.831790	0.000000	-0.002990
714	0.834105	0.000000	-0.003810
715	0.830729	0.000000	-0.003424
716	0.834587	0.000000	-0.002267
717	0.835359	0.000000	-0.000530
718	0.834298	0.000000	0.000916
719	0.836034	0.000000	0.000965
720	0.835745	0.000000	0.002218
721	0.839892	0.000000	0.000386
722	0.833430	0.000000	-0.001591
723	0.834298	0.000000	0.004437
724	0.835069	0.000000	0.006607
725	0.833912	0.000000	0.002170
726	0.834973	0.000000	0.002315
727	0.837674	0.000000	0.002604
728	0.839120	0.000000	-0.002797
729	0.835455	0.000000	-0.003858
730	0.837963	0.000000	0.001302
731	0.836516	0.000000	-0.000868
732	0.834877	0.000000	-0.000434
733	0.834877	0.000000	0.004003
734	0.832369	0.000000	0.000434
735	0.828221	0.000000	-0.001157
736	0.829765	0.000000	-0.003858
737	0.832948	0.000000	-0.003231
738	0.831597	0.000000	-0.000627
739	0.829475	0.000000	-0.002894
740	0.836998	0.000000	-0.006318
741	0.842593	0.000000	-0.002508
742	0.848090	0.000000	0.000530
743	0.844232	0.000000	-0.000289
744	0.848090	0.000000	-0.002170
745	0.848958	0.000000	-0.004099
746	0.843557	0.000000	-0.005160
747	0.848090	0.000000	-0.003762
748	0.845486	0.000000	-0.004147
749	0.847029	0.000000	-0.003376
750	0.849826	0.000000	-0.001543
751	0.846740	0.000000	-0.001399
752	0.847415	0.000000	-0.006028
753	0.855228	0.000000	-0.003472
754	0.857446	0.000000	-0.002170
755	0.853299	0.000000	-0.006125
756	0.852238	0.000000	-0.004726
757	0.850116	0.000000	-0.006703
758	0.851659	0.000000	-0.008343
759	0.854552	0.000000	-0.002604
760	0.850598	0.000000	-0.004919
761	0.855228	0.000000	-0.008391
762	0.858893	0.000000	-0.008295
763	0.859375	0.000000	-0.011912
764	0.854745	0.000000	-0.012201
765	0.847512	0.000000	-0.007909
766	0.845968	0.000000	-0.003424
767	0.843943	0.000000	-0.007475
768	0.845486	0.000000	-0.003328
769	0.847801	0.000000	0.000579
770	0.851370	0.000000	-0.001254
771	0.851659	0.000000	-0.005642
772	0.854167	0.000000	-0.001833
773	0.849730	0.000000	-0.004726
774	0.847222	0.000000	-0.003665
775	0.852238	0.000000	-0.005546
776	0.846836	0.000000	-0.008439
777	0.845775	0.000000	-0.009115
778	0.847704	0.000000	-0.008295
779	0.846161	0.000000	-0.012153
780	0.847897	0.000000	-0.009404
781	0.846161	0.000000	-0.009549
782	0.840953	0.000000	-0.009645
783	0.840760	0.000000	-0.008247
784	0.844425	0.000000	-0.010802
785	0.848573	0.000000	-0.005594
786	0.845968	0.000000	-0.003038
787	0.837095	0.000000	0.001013
788	0.831019	0.000000	-0.000772
789	0.831019	0.000000	0.004919
790	0.826582	0.000000	0.002845
791	0.833044	0.000000	0.006414
792	0.823881	0.000000	0.006559
793	0.831115	0.000000	0.006366
794	0.839796	0.000000	0.007957
795	0.834298	0.000000	0.002942
796	0.830729	0.000000	0.007475
797	0.826389	0.000000	0.007186
798	0.827353	0.000000	0.004871
799	0.833719	0.000000	0.003520
800	0.832079	0.000000	0.003376
801	0.832658	0.000000	0.003713
802	0.830922	0.000000	0.003858
803	0.829186	0.000000	0.003086
804	0.830536	0.000000	0.003569
805	0.831887	0.000000	0.005064
806	0.834491	0.000000	0.004726
807	0.840181	0.000000	0.012153
808	0.830729	0.000000	0.008536
809	0.834105	0.000000	0.011767
810	0.834684	0.000000	0.011863
811	0.829282	0.000000	0.010899
812	0.832465	0.000000	0.006752
813	0.837674	0.000000	0.011912
814	0.835359	0.000000	0.009307
815	0.837095	0.000000	0.008005
816	0.830054	0.000000	0.012249
817	0.829765	0.000000	0.011912
818	0.827643	0.000000	0.005739
819	0.818287	0.000000	0.008873
820	0.821084	0.000000	0.005546
821	0.822531	0.000000	0.007957
822	0.825907	0.000000	0.004630
823	0.820698	0.000000	0.008295
824	0.814718	0.000000	0.008681
825	0.813947	0.000000	0.003086
826	0.817419	0.000000	0.008343
827	0.823013	0.000000	0.003762
828	0.825039	0.000000	0.005353
829	0.829282	0.000000	0.003713
830	0.827836	0.000000	0.001977
831	0.828029	0.000000	0.000241
832	0.828993	0.000000	0.001206
833	0.825714	0.000000	0.001302
834	0.828800	0.000000	-0.000772
835	0.833719	0.000000	-0.003617
836	0.828221	0.000000	-0.001929
837	0.833912	0.000000	0.001254
838	0.825907	0.000000	0.000675
839	0.823399	0.000000	0.000338
840	0.827932	0.000000	0.002363
841	0.824942	0.000000	0.006414
842	0.825521	0.000000	0.005932
843	0.830633	0.000000	0.001206
844	0.838156	0.000000	-0.000579
845	0.836034	0.000000	0.007041
846	0.840374	0.000000	0.006896
847	0.831790	0.000000	0.007716
848	0.835166	0.000000	0.005642
849	0.830729	0.000000	0.009356
850	0.830150	0.000000	0.005112
851	0.831115	0.000000	0.006559
852	0.833719	0.000000	0.007620
853	0.831019	0.000000	0.006752
854	0.828897	0.000000	0.005208
855	0.828414	0.000000	0.003183
856	0.831983	0.000000	0.002170
857	0.836034	0.000000	-0.003135
858	0.832272	0.000000	-0.006076
859	0.833333	0.000000	0.000096
860	0.832369	0.000000	-0.003713
861	0.835359	0.000000	-0.000916
862	0.831597	0.000000	0.001013
863	0.828125	0.000000	-0.000579
864	0.830343	0.000000	-0.000627
865	0.834201	0.000000	0.000145
866	0.834587	0.000000	-0.001640
867	0.835648	0.000000	-0.002508
868	0.842207	0.000000	-0.002701
869	0.842882	0.000000	-0.001109
870	0.842110	0.000000	-0.001350
871	0.840567	0.000000	-0.001109
872	0.834105	0.000000	-0.001206
873	0.835648	0.000000	-0.003279
874	0.832562	0.000000	-0.006269
875	0.834201	0.000000	-0.004196
876	0.840664	0.000000	-0.000723
877	0.851466	0.000000	0.000772
878	0.847897	0.000000	0.003810
879	0.847029	0.000000	0.002797
880	0.842978	0.000000	0.002218
881	0.844136	0.000000	0.001399
882	0.842400	0.000000	0.001206
883	0.834780	0.000000	0.001350
884	0.832755	0.000000	0.001206
885	0.834780	0.000000	0.001399
886	0.835069	0.000000	-0.001254
887	0.835745	0.000000	-0.003472
888	0.835938	0.000000	0.005353
889	0.836516	0.000000	-0.002411
890	0.839410	0.000000	-0.001254
891	0.834201	0.000000	0.000772
892	0.826292	0.000000	0.001784
893	0.823592	0.000000	0.000386
894	0.821952	0.000000	0.002604
895	0.823978	0.000000	0.002363
896	0.821952	0.000000	0.003086
897	0.817901	0.000000	0.002218
898	0.818769	0.000000	0.008102
899	0.821856	0.000000	0.013166
900	0.818673	0.000000	0.009742
901	0.826292	0.000000	0.009211
902	0.828993	0.000000	0.007427
903	0.828993	0.000000	0.007378
904	0.829379	0.000000	0.007957
905	0.823110	0.000000	0.008102
906	0.822242	0.000000	0.007620
907	0.825714	0.000000	0.008102
908	0.822049	0.000000	0.005691
909	0.818480	0.000000	0.004051
910	0.818673	0.000000	0.001929
911	0.828221	0.000000	0.003617
912	0.828511	0.000000	0.003617
913	0.827257	0.000000	-0.003376
914	0.827353	0.000000	-0.008005
915	0.824653	0.000000	-0.000675
916	0.828125	0.000000	-0.000868
917	0.825907	0.000000	-0.005883
918	0.824749	0.000000	-0.002315
919	0.826003	0.000000	-0.005112
920	0.833430	0.000000	-0.005594
921	0.829572	0.000000	-0.007716
922	0.829090	0.000000	-0.007957
923	0.830826	0.000000	-0.009163
924	0.833140	0.000000	-0.008391
925	0.832658	0.000000	-0.006800
926	0.830440	0.000000	-0.008054
927	0.832948	0.000000	-0.007957
928	0.836516	0.000000	-0.005305
929	0.831501	0.000000	-0.007523
930	0.832176	0.000000	-0.004726
931	0.829572	0.000000	-0.004147
932	0.823785	0.000000	-0.003713
933	0.825231	0.000000	-0.008343
934	0.827353	0.000000	-0.002122
935	0.820891	0.000000	-0.000289
936	0.830054	0.000000	-0.004244
937	0.830440	0.000000	-0.003279
938	0.829958	0.000000	-0.003231
939	0.827064	0.000000	-0.002315
940	0.823881	0.000000	-0.004967
941	0.826871	0.000000	-0.002025
942	0.831211	0.000000	-0.003569
943	0.832272	0.000000	-0.006607
944	0.833140	0.000000	-0.011285
945	0.826968	0.000000	-0.009693
946	0.819155	0.000000	-0.010851
947	0.827353	0.000000	-0.009018
948	0.828993	0.000000	-0.004871
949	0.828125	0.000000	-0.006028
950	0.826582	0.000000	-0.005401
951	0.830150	0.000000	-0.003617
952	0.833623	0.000000	-0.005594
953	0.833912	0.000000	-0.001977
954	0.836130	0.000000	-0.002556
955	0.834780	0.000000	0.000000
956	0.835841	0.000000	-0.008054
957	0.832755	0.000000	-0.007475
958	0.830247	0.000000	-0.003520
959	0.829668	0.000000	-0.002797
960	0.822820	0.000000	-0.001543
961	0.828607	0.000000	-0.007861
962	0.828029	0.000000	-0.006318
963	0.830729	0.000000	-0.000482
964	0.833237	0.000000	0.001350
965	0.825521	0.000000	0.000434
966	0.823110	0.000000	0.000289
967	0.827353	0.000000	-0.001784
968	0.831983	0.000000	-0.001736
969	0.832465	0.000000	-0.000530
970	0.837191	0.000000	0.001206
971	0.831019	0.000000	-0.000289
972	0.830922	0.000000	-0.002122
973	0.825714	0.000000	0.002363
974	0.825810	0.000000	0.000772
975	0.829861	0.000000	-0.004485
976	0.828511	0.000000	-0.004871
977	0.828221	0.000000	0.000482
978	0.832272	0.000000	0.004340
979	0.829572	0.000000	0.002074
980	0.826678	0.000000	0.004581
981	0.821470	0.000000	0.001157
982	0.831597	0.000000	-0.003183
983	0.826292	0.000000	-0.001977
984	0.832465	0.000000	-0.003810
985	0.829765	0.000000	-0.003376
986	0.831983	0.000000	0.001350
987	0.817515	0.000000	0.001399
988	0.820505	0.000000	0.006318
989	0.825135	0.000000	0.006366
990	0.827353	0.000000	0.005739
991	0.830826	0.000000	0.001591
992	0.834008	0.000000	-0.000241
993	0.826871	0.000000	0.006944
994	0.833430	0.000000	0.002556
995	0.833237	0.000000	0.001157
996	0.835648	0.000000	-0.001061
997	0.845679	0.000000	0.000386
998	0.838831	0.000000	0.000916
999	0.835648	0.000000	0.000145
1000	0.835745	0.000000	0.000096
1001	0.832562	0.000000	0.000965
1002	0.829958	0.000000	0.004051
1003	0.838252	0.000000	0.004292
1004	0.839410	0.000000	0.001929
1005	0.837867	0.000000	0.004196
1006	0.842978	0.000000	0.001881
1007	0.844136	0.000000	0.004147
1008	0.844232	0.000000	0.006848
1009	0.837384	0.000000	0.003183
1010	0.836323	0.000000	-0.000579
1011	0.834973	0.000000	0.000241
1012	0.839796	0.000000	0.005739
1013	0.832272	0.000000	0.005739
1014	0.825231	0.000000	0.009066
1015	0.828993	0.000000	0.011092
1016	0.829186	0.000000	0.010851
1017	0.825424	0.000000	0.005015
1018	0.831115	0.000000	0.002894
1019	0.835166	0.000000	0.001591
1020	0.841049	0.000000	-0.001206
1021	0.845968	0.000000	0.000723
1022	0.839892	0.000000	-0.004147
1023	0.842110	0.000000	-0.005594
1024	0.843654	0.000000	-0.002990
1025	0.843075	0.000000	-0.005112
1026	0.849344	0.000000	-0.003376
1027	0.846547	0.000000	-0.001543
1028	0.847415	0.000000	-0.000965
1029	0.838059	0.000000	0.000241
1030	0.844329	0.000000	0.003858
1031	0.839603	0.000000	-0.000193
1032	0.842014	0.000000	0.003858
1033	0.848090	0.000000	-0.001881
1034	0.845486	0.000000	-0.000965
1035	0.845100	0.000000	-0.000965
1036	0.842014	0.000000	0.001688
1037	0.839892	0.000000	0.001736
1038	0.844329	0.000000	0.005691
1039	0.842014	0.000000	0.000868
1040	0.848283	0.000000	0.001447
1041	0.850887	0.000000	0.000434
1042	0.842978	0.000000	0.004678
1043	0.840856	0.000000	-0.001302
1044	0.841917	0.000000	0.001784
1045	0.842110	0.000000	0.006752
1046	0.839024	0.000000	0.005835
1047	0.838156	0.000000	0.007041
1048	0.832369	0.000000	0.004774
1049	0.839796	0.000000	0.004581
1050	0.835648	0.000000	0.002604
1051	0.836323	0.000000	0.001929
1052	0.835166	0.000000	0.005208
1053	0.837770	0.000000	0.006125
1054	0.842496	0.000000	0.006462
1055	0.841725	0.000000	0.004871
1056	0.846065	0.000000	0.008922
1057	0.839120	0.000000	0.005642
1058	0.835552	0.000000	0.009211
1059	0.830536	0.000000	0.008536
1060	0.833526	0.000000	0.007137
1061	0.831115	0.000000	0.007427
1062	0.836516	0.000000	0.006703
1063	0.831790	0.000000	0.007137
1064	0.829475	0.000000	0.006655
1065	0.829861	0.000000	0.003617
1066	0.825231	0.000000	0.009549
1067	0.822531	0.000000	0.008681
1068	0.820505	0.000000	0.006848
1069	0.822049	0.000000	0.008536
1070	0.822338	0.000000	0.003617
1071	0.822338	0.000000	-0.002556
1072	0.821663	0.000000	0.002701
1073	0.825135	0.000000	0.003376
1074	0.821373	0.000000	0.001833
1075	0.824074	0.000000	0.002267
1076	0.823495	0.000000	-0.000627
1077	0.828029	0.000000	-0.005835
1078	0.824653	0.000000	-0.004003
1079	0.826100	0.000000	-0.004726
1080	0.824460	0.000000	-0.004726
1081	0.826100	0.000000	-0.008102
1082	0.825521	0.000000	-0.005353
1083	0.828704	0.000000	-0.004630
1084	0.830826	0.000000	-0.004051
1085	0.830440	0.000000	-0.002701
1086	0.820891	0.000000	0.000868
1087	0.822242	0.000000	-0.003183
1088	0.823110	0.000000	-0.001881
1089	0.821566	0.000000	0.003713
1090	0.821663	0.000000	0.004437
1091	0.820505	0.000000	0.005064
1092	0.823110	0.000000	0.007137
1093	0.821084	0.000000	0.005594
1094	0.826871	0.000000	0.005691
1095	0.823302	0.000000	0.003762
1096	0.824267	0.000000	0.001350
1097	0.820602	0.000000	-0.001977
1098	0.817805	0.000000	-0.000386
1099	0.823399	0.000000	-0.004003
1100	0.835166	0.000000	-0.004003
1101	0.826968	0.000000	-0.000965
1102	0.828704	0.000000	-0.004774
1103	0.832369	0.000000	-0.005257
1104	0.831694	0.000000	-0.002942
1105	0.827064	0.000000	-0.004099
1106	0.828318	0.000000	-0.002652
1107	0.823978	0.000000	-0.005739
1108	0.830633	0.000000	-0.008729
1109	0.831790	0.000000	-0.007427
1110	0.833140	0.000000	-0.003617
1111	0.831694	0.000000	-0.001350
1112	0.829379	0.000000	-0.002025
1113	0.830440	0.000000	-0.000241
1114	0.840278	0.000000	-0.001350
1115	0.838735	0.000000	-0.002652
1116	0.836420	0.000000	-0.003231
1117	0.838445	0.000000	-0.006076
1118	0.836130	0.000000	-0.006993
1119	0.833140	0.000000	-0.007957
1120	0.838156	0.000000	-0.007523
1121	0.837577	0.000000	-0.004340
1122	0.840181	0.000000	-0.002218
1123	0.838349	0.000000	-0.000820
1124	0.833719	0.000000	-0.003569
1125	0.827643	0.000000	-0.008150
1126	0.831404	0.000000	-0.003762
1127	0.827160	0.000000	-0.004871
1128	0.825714	0.000000	-0.004340
1129	0.820505	0.000000	-0.003328
1130	0.821566	0.000000	-0.002556
1131	0.816840	0.000000	-0.003086
1132	0.822242	0.000000	-0.004678
1133	0.820988	0.000000	-0.003472
1134	0.817226	0.000000	-0.004774
1135	0.825328	0.000000	-0.002604
1136	0.821566	0.000000	-0.006944
1137	0.826582	0.000000	-0.002170
1138	0.832851	0.000000	0.000289
1139	0.834973	0.000000	-0.000530
1140	0.835938	0.000000	0.004967
1141	0.835359	0.000000	0.003665
1142	0.838059	0.000000	0.004051
1143	0.831019	0.000000	0.004630
1144	0.830633	0.000000	0.003954
1145	0.828221	0.000000	0.005932
1146	0.826292	0.000000	0.003617
1147	0.821277	0.000000	0.004726
1148	0.817998	0.000000	0.000916
1149	0.819637	0.000000	0.000916
1150	0.823302	0.000000	-0.001206
1151	0.821470	0.000000	-0.001254
1152	0.829668	0.000000	-0.002990
1153	0.834394	0.000000	-0.002604
1154	0.838927	0.000000	-0.003328
1155	0.836998	0.000000	-0.001157
1156	0.832079	0.000000	-0.002990
1157	0.837095	0.000000	-0.005883
1158	0.831501	0.000000	-0.010610
1159	0.833623	0.000000	-0.008922
1160	0.834008	0.000000	-0.009259
1161	0.831694	0.000000	-0.003231
1162	0.827836	0.000000	-0.004871
1163	0.825617	0.000000	-0.007234
1164	0.831019	0.000000	-0.006269
1165	0.833044	0.000000	-0.011960
1166	0.834780	0.000000	-0.013166
1167	0.836034	0.000000	-0.005546
1168	0.831404	0.000000	-0.006993
1169	0.834587	0.000000	-0.002218
1170	0.837095	0.000000	0.000530
1171	0.836034	0.000000	0.002122
1172	0.838059	0.000000	-0.000048
1173	0.841628	0.000000	0.000530
1174	0.842882	0.000000	0.000193
1175	0.851563	0.000000	0.000530
1176	0.848187	0.000000	0.000096
1177	0.843846	0.000000	0.004051
1178	0.848380	0.000000	0.005932
1179	0.848669	0.000000	0.001109
1180	0.846933	0.000000	0.004581
1181	0.846836	0.000000	0.008922
1182	0.836323	0.000000	0.009211
1183	0.832851	0.000000	0.008632
1184	0.834973	0.000000	0.007668
1185	0.838156	0.000000	0.009500
1186	0.843943	0.000000	0.012105
1187	0.843461	0.000000	0.012587
1188	0.844039	0.000000	0.008102
1189	0.839892	0.000000	0.004871
1190	0.836516	0.000000	0.004292
1191	0.834877	0.000000	0.000868
1192	0.838349	0.000000	0.007186
1193	0.842785	0.000000	0.005835
1194	0.849055	0.000000	0.004099
1195	0.843557	0.000000	0.001784
1196	0.841532	0.000000	-0.000338
1197	0.836420	0.000000	-0.001688
1198	0.846547	0.000000	-0.003762
1199	0.842882	0.000000	0.001061
1200	0.844811	0.000000	0.004678
1201	0.848283	0.000000	0.006221
1202	0.846451	0.000000	0.004581
1203	0.846161	0.000000	0.001254
1204	0.849730	0.000000	0.000482
1205	0.851370	0.000000	0.002604
1206	0.846354	0.000000	0.006703
1207	0.846258	0.000000	0.007957
1208	0.846644	0.000000	0.006366
1209	0.847704	0.000000	0.004871
1210	0.844715	0.000000	0.001495
1211	0.841339	0.000000	0.000434
1212	0.846836	0.000000	0.004292
1213	0.840856	0.000000	0.005160
1214	0.835262	0.000000	-0.000096
1215	0.832465	0.000000	0.001206
1216	0.829186	0.000000	0.000868
1217	0.829668	0.000000	-0.003183
1218	0.829765	0.000000	-0.006559
1219	0.828511	0.000000	-0.001206
1220	0.830150	0.000000	0.002942
1221	0.832755	0.000000	0.000145
1222	0.828511	0.000000	-0.000820
1223	0.833430	0.000000	0.002894
1224	0.836806	0.000000	0.003038
1225	0.843075	0.000000	-0.000820
1226	0.840760	0.000000	-0.006800
1227	0.839024	0.000000	-0.003424
1228	0.836227	0.000000	-0.002315
1229	0.831404	0.000000	-0.003520
1230	0.824846	0.000000	-0.002701
1231	0.830054	0.000000	-0.005112
1232	0.829958	0.000000	-0.007089
1233	0.832369	0.000000	-0.005932
1234	0.829958	0.000000	-0.005546
1235	0.833912	0.000000	-0.005739
1236	0.826968	0.000000	-0.007764
1237	0.824363	0.000000	-0.011381
1238	0.826678	0.000000	-0.008391
1239	0.828029	0.000000	-0.006559
1240	0.828414	0.000000	-0.005401
1241	0.828221	0.000000	-0.003183
1242	0.830247	0.000000	-0.005980
1243	0.827450	0.000000	-0.003038
1244	0.818962	0.000000	-0.004003
1245	0.816069	0.000000	-0.001640
1246	0.812114	0.000000	-0.002749
1247	0.815876	0.000000	-0.005449
1248	0.821181	0.000000	-0.005305
1249	0.815394	0.000000	-0.003424
1250	0.820023	0.000000	-0.006221
1251	0.820313	0.000000	-0.000338
1252	0.820120	0.000000	-0.001254
1253	0.819734	0.000000	-0.005546
1254	0.818094	0.000000	-0.002315
1255	0.825328	0.000000	-0.001640
1256	0.819637	0.000000	0.001495
1257	0.817033	0.000000	0.003279
1258	0.809703	0.000000	0.007523
1259	0.813657	0.000000	0.002652
1260	0.814718	0.000000	0.003472
1261	0.815008	0.000000	0.008873
1262	0.817708	0.000000	0.006318
1263	0.821856	0.000000	0.010368
1264	0.826292	0.000000	0.008488
1265	0.827836	0.000000	0.005835
1266	0.828993	0.000000	0.008295
1267	0.829861	0.000000	0.005305
1268	0.833816	0.000000	0.003086
1269	0.835262	0.000000	0.003762
1270	0.834491	0.000000	0.002025
1271	0.835069	0.000000	0.000241
1272	0.836227	0.000000	0.001688
1273	0.831694	0.000000	0.000193
1274	0.833526	0.000000	0.001881
1275	0.831501	0.000000	-0.001109
1276	0.828993	0.000000	-0.004340
1277	0.829379	0.000000	-0.000916
1278	0.828800	0.000000	0.001447
1279	0.836034	0.000000	0.004726
1280	0.844618	0.000000	0.003135
1281	0.839603	0.000000	0.002652
1282	0.840664	0.000000	0.006125
1283	0.833333	0.000000	0.004485
1284	0.834008	0.000000	0.003086
1285	0.832272	0.000000	0.004147
1286	0.832272	0.000000	0.003520
1287	0.831211	0.000000	0.005980
1288	0.839892	0.000000	0.002025
1289	0.838252	0.000000	0.005401
1290	0.828897	0.000000	0.003762
1291	0.829186	0.000000	0.000820
1292	0.834877	0.000000	0.001929
1293	0.836323	0.000000	-0.001736
1294	0.831983	0.000000	-0.005594
1295	0.833719	0.000000	-0.005546
1296	0.829379	0.000000	-0.007957
1297	0.824171	0.000000	-0.003328
1298	0.822724	0.000000	-0.001736
1299	0.822820	0.000000	-0.003086
1300	0.823013	0.000000	-0.003810
1301	0.829282	0.000000	0.000193
1302	0.828800	0.000000	-0.004340
1303	0.829475	0.000000	-0.003569
1304	0.832948	0.000000	-0.004678
1305	0.834201	0.000000	-0.004051
1306	0.833140	0.000000	-0.001591
1307	0.834684	0.000000	-0.002025
1308	0.836130	0.000000	-0.001591
1309	0.833430	0.000000	-0.001881
1310	0.836130	0.000000	-0.004581
1311	0.837481	0.000000	-0.004003
1312	0.839988	0.000000	-0.009645
1313	0.842400	0.000000	-0.009066
1314	0.843943	0.000000	-0.002604
1315	0.842785	0.000000	0.000289
1316	0.838059	0.000000	0.000579
1317	0.838445	0.000000	0.000579
1318	0.837481	0.000000	0.001302
1319	0.837191	0.000000	0.001640
1320	0.836806	0.000000	-0.000386
1321	0.836613	0.000000	0.001977
1322	0.839217	0.000000	0.002025
1323	0.840374	0.000000	-0.002315
1324	0.843943	0.000000	-0.001688
1325	0.841821	0.000000	-0.004340
1326	0.838059	0.000000	-0.001881
1327	0.832369	0.000000	-0.001013
1328	0.829958	0.000000	-0.002122
1329	0.821277	0.000000	-0.002267
1330	0.820120	0.000000	-0.002411
1331	0.828800	0.000000	-0.005353
1332	0.828029	0.000000	-0.005546
1333	0.834780	0.000000	-0.004244
1334	0.837577	0.000000	-0.006510
1335	0.842014	0.000000	-0.003569
1336	0.841146	0.000000	-0.003183
1337	0.836130	0.000000	-0.005208
1338	0.835938	0.000000	-0.006028
1339	0.831597	0.000000	-0.003279
1340	0.830729	0.000000	-0.005835
1341	0.829282	0.000000	-0.002508
1342	0.833430	0.000000	-0.004726
1343	0.822338	0.000000	-0.006703
1344	0.826196	0.000000	-0.002845
1345	0.832851	0.000000	-0.007764
1346	0.829379	0.000000	-0.006944
1347	0.825714	0.000000	-0.004389
1348	0.826003	0.000000	-0.006896
1349	0.829861	0.000000	-0.007186
1350	0.836998	0.000000	-0.009307
1351	0.828318	0.000000	-0.005449
1352	0.835359	0.000000	-0.002797
1353	0.832755	0.000000	-0.000627
1354	0.832755	0.000000	0.003906
1355	0.829475	0.000000	0.002218
1356	0.833816	0.000000	0.002267
1357	0.835455	0.000000	-0.000434
1358	0.825231	0.000000	0.001736
1359	0.823495	0.000000	-0.003183
1360	0.823206	0.000000	-0.001833
1361	0.825907	0.000000	-0.003231
1362	0.829572	0.000000	-0.009597
1363	0.828993	0.000000	-0.006462
1364	0.827836	0.000000	-0.006318
1365	0.826292	0.000000	-0.003906
1366	0.830729	0.000000	-0.001977
1367	0.828800	0.000000	-0.003520
1368	0.827546	0.000000	-0.002894
1369	0.824749	0.000000	-0.005835
1370	0.822531	0.000000	-0.003328
1371	0.822820	0.000000	-0.004389
1372	0.819059	0.000000	-0.004533
1373	0.824556	0.000000	-0.004099
1374	0.823206	0.000000	-0.002701
1375	0.824556	0.000000	-0.004678
1376	0.822242	0.000000	-0.003617
1377	0.826196	0.000000	-0.002652
1378	0.828993	0.000000	-0.001784
1379	0.826968	0.000000	-0.000048
1380	0.828607	0.000000	-0.003328
1381	0.831404	0.000000	-0.007089
1382	0.837867	0.000000	-0.006125
1383	0.836034	0.000000	-0.002894
1384	0.834877	0.000000	-0.003665
1385	0.837191	0.000000	-0.005642
1386	0.829186	0.000000	-0.003954
1387	0.828125	0.000000	-0.005691
1388	0.825617	0.000000	-0.000820
1389	0.831597	0.000000	-0.001929
1390	0.832079	0.000000	0.001399
1391	0.830054	0.000000	0.001640
1392	0.829090	0.000000	-0.002942
1393	0.823688	0.000000	0.000096
1394	0.826003	0.000000	-0.003183
1395	0.829379	0.000000	-0.001013
1396	0.824942	0.000000	0.004485
1397	0.827836	0.000000	0.001109
1398	0.825424	0.000000	0.004099
1399	0.824653	0.000000	0.005257
1400	0.818287	0.000000	0.006993
1401	0.816358	0.000000	0.007137
1402	0.821373	0.000000	0.002508
1403	0.817708	0.000000	0.006510
1404	0.819637	0.000000	0.007957
1405	0.826003	0.000000	0.003231
1406	0.828800	0.000000	0.005015
1407	0.834973	0.000000	0.003472
1408	0.833623	0.000000	0.004003
1409	0.832272	0.000000	0.004389
1410	0.825810	0.000000	0.001833
1411	0.820988	0.000000	0.000096
1412	0.819830	0.000000	-0.000723
1413	0.828221	0.000000	0.002942
1414	0.823978	0.000000	0.002315
1415	0.825424	0.000000	-0.001495
1416	0.834684	0.000000	-0.005208
1417	0.834491	0.000000	-0.003279
1418	0.833526	0.000000	0.001206
1419	0.842400	0.000000	-0.002652
1420	0.838542	0.000000	-0.003038
1421	0.833044	0.000000	-0.000096
1422	0.834877	0.000000	0.005787
1423	0.831694	0.000000	0.002122
1424	0.830247	0.000000	0.006752
1425	0.829379	0.000000	0.007475
1426	0.830922	0.000000	0.005208
1427	0.830536	0.000000	0.001013
1428	0.832272	0.000000	0.001399
1429	0.838542	0.000000	0.004147
1430	0.830054	0.000000	0.006076
1431	0.833044	0.000000	0.004051
1432	0.840278	0.000000	0.001640
1433	0.837384	0.000000	0.003183
1434	0.837770	0.000000	-0.002797
1435	0.828607	0.000000	-0.006896
1436	0.824556	0.000000	-0.003472
1437	0.829958	0.000000	-0.005835
1438	0.827160	0.000000	-0.001061
1439	0.823302	0.000000	-0.000530
1440	0.821952	0.000000	-0.001784
1441	0.819927	0.000000	0.001157
1442	0.820409	0.000000	-0.001350
1443	0.822917	0.000000	-0.000289
1444	0.814622	0.000000	-0.000241
1445	0.818480	0.000000	0.002845
1446	0.827160	0.000000	0.004485
1447	0.828414	0.000000	0.006510
1448	0.828414	0.000000	0.008439
1449	0.830633	0.000000	0.004726
1450	0.829765	0.000000	0.001591
1451	0.828125	0.000000	-0.001013
1452	0.823013	0.000000	-0.001013
1453	0.825617	0.000000	-0.002411
1454	0.825231	0.000000	-0.008439
1455	0.823978	0.000000	-0.007909
1456	0.827160	0.000000	-0.008054
1457	0.824171	0.000000	-0.008488
1458	0.818866	0.000000	-0.003665
1459	0.821373	0.000000	-0.003858
1460	0.822820	0.000000	-0.001350
1461	0.826775	0.000000	-0.001736
1462	0.830440	0.000000	0.000868
1463	0.831983	0.000000	-0.001302
1464	0.831887	0.000000	0.001206
1465	0.842303	0.000000	-0.001784
1466	0.839024	0.000000	-0.002604
1467	0.839313	0.000000	-0.002411
1468	0.843268	0.000000	0.000482
1469	0.849633	0.000000	-0.002074
1470	0.842785	0.000000	-0.004967
1471	0.838638	0.000000	-0.005257
1472	0.834587	0.000000	-0.001688
1473	0.830054	0.000000	-0.006269
1474	0.832658	0.000000	-0.003858
1475	0.837867	0.000000	-0.001495
1476	0.839217	0.000000	0.002701
1477	0.841435	0.000000	0.003086
1478	0.836420	0.000000	0.004678
1479	0.839892	0.000000	0.003569
1480	0.842014	0.000000	0.003038
1481	0.836323	0.000000	0.000772
1482	0.838059	0.000000	-0.000338
1483	0.838349	0.000000	-0.001640
1484	0.834394	0.000000	-0.003086
1485	0.831694	0.000000	-0.000965
1486	0.831501	0.000000	-0.003038
1487	0.828800	0.000000	-0.006848
1488	0.830343	0.000000	-0.009066
1489	0.833044	0.000000	-0.005739
1490	0.839699	0.000000	-0.009645
1491	0.840760	0.000000	-0.010947
1492	0.838059	0.000000	-0.010417
1493	0.834973	0.000000	-0.006703
1494	0.834105	0.000000	-0.006221
1495	0.833430	0.000000	-0.006366
1496	0.826871	0.000000	-0.007764
1497	0.832079	0.000000	-0.007186
1498	0.824846	0.000000	-0.009645
1499	0.826582	0.000000	-0.005353
1500	0.825714	0.000000	-0.005546
1501	0.822724	0.000000	-0.000241
1502	0.825714	0.000000	-0.002459
1503	0.825714	0.000000	-0.002411
1504	0.830922	0.000000	0.000193
1505	0.829379	0.000000	0.001399
1506	0.833526	0.000000	0.004919
1507	0.827064	0.000000	-0.000241
1508	0.826100	0.000000	-0.001591
1509	0.823592	0.000000	-0.002074
1510	0.825424	0.000000	-0.003086
1511	0.826775	0.000000	-0.004003
1512	0.827836	0.000000	-0.003279
1513	0.830536	0.000000	-0.002074
1514	0.829668	0.000000	-0.001881
1515	0.831694	0.000000	-0.003520
1516	0.838349	0.000000	-0.006559
1517	0.840278	0.000000	-0.006559
1518	0.842014	0.000000	-0.008439
1519	0.839506	0.000000	-0.007041
1520	0.831887	0.000000	-0.009211
1521	0.837963	0.000000	-0.006221
1522	0.836998	0.000000	-0.009066
1523	0.827643	0.000000	-0.008005
1524	0.826003	0.000000	-0.004630
1525	0.826485	0.000000	-0.003617
1526	0.825231	0.000000	0.003954
1527	0.833623	0.000000	-0.000145
1528	0.836034	0.000000	-0.003520
1529	0.836709	0.000000	-0.002122
1530	0.838059	0.000000	-0.002363
1531	0.835262	0.000000	0.000675
1532	0.837191	0.000000	0.000772
1533	0.837384	0.000000	0.001591
1534	0.832272	0.000000	0.000868
1535	0.832369	0.000000	0.000096
1536	0.827064	0.000000	0.002267
1537	0.822242	0.000000	0.003183
1538	0.821952	0.000000	0.001109
1539	0.834394	0.000000	-0.002508
1540	0.835455	0.000000	-0.002170
1541	0.835552	0.000000	-0.001736
1542	0.839024	0.000000	-0.000193
1543	0.836902	0.000000	-0.003617
1544	0.840664	0.000000	-0.002170
1545	0.841628	0.000000	-0.001688
1546	0.844039	0.000000	-0.000145
1547	0.839506	0.000000	-0.000820
1548	0.837770	0.000000	-0.001206
1549	0.831308	0.000000	0.000916
1550	0.841725	0.000000	-0.002652
1551	0.848669	0.000000	-0.002122
1552	0.846836	0.000000	-0.000868
1553	0.843364	0.000000	0.002556
1554	0.839892	0.000000	0.004099
1555	0.837577	0.000000	0.001591
1556	0.842110	0.000000	0.002652
1557	0.838156	0.000000	0.003376
1558	0.835262	0.000000	0.005305
1559	0.840085	0.000000	0.003954
1560	0.840953	0.000000	0.002122
1561	0.831211	0.000000	-0.006028
1562	0.834877	0.000000	-0.002025
1563	0.831404	0.000000	-0.004774
1564	0.830150	0.000000	-0.001061
1565	0.834780	0.000000	-0.000482
1566	0.841049	0.000000	-0.001350
1567	0.837095	0.000000	-0.002894
1568	0.838252	0.000000	0.002508
1569	0.846836	0.000000	0.001543
1570	0.841146	0.000000	0.001109
1571	0.841146	0.000000	0.000338
1572	0.835262	0.000000	-0.000338
1573	0.833719	0.000000	-0.001736
1574	0.833912	0.000000	-0.000916
1575	0.828800	0.000000	-0.005932
1576	0.832948	0.000000	-0.004389
1577	0.833912	0.000000	-0.000916
1578	0.833623	0.000000	-0.002797
1579	0.830729	0.000000	-0.001302
1580	0.833333	0.000000	-0.002652
1581	0.830729	0.000000	-0.001543
1582	0.832465	0.000000	-0.002411
1583	0.831887	0.000000	0.002845
1584	0.830150	0.000000	-0.003665
1585	0.831501	0.000000	-0.001784
1586	0.828993	0.000000	0.002508
1587	0.829475	0.000000	0.004292
1588	0.833237	0.000000	0.001591
1589	0.834394	0.000000	-0.002990
1590	0.843364	0.000000	-0.000241
1591	0.847319	0.000000	0.001833
1592	0.841725	0.000000	0.002508
1593	0.844136	0.000000	0.002411
1594	0.849055	0.000000	0.005401
1595	0.846065	0.000000	0.002556
1596	0.847029	0.000000	0.001302
1597	0.847126	0.000000	0.001688
1598	0.843364	0.000000	0.002074
1599	0.838638	0.000000	0.001157
1600	0.846258	0.000000	-0.002894
1601	0.841435	0.000000	-0.004340
1602	0.841628	0.000000	-0.002652
1603	0.842014	0.000000	-0.005160
1604	0.837963	0.000000	-0.001399
1605	0.835359	0.000000	-0.003472
1606	0.837481	0.000000	-0.003617
1607	0.836998	0.000000	-0.006462
1608	0.830247	0.000000	-0.009307
1609	0.825617	0.000000	-0.010224
1610	0.822820	0.000000	-0.006896
1611	0.818191	0.000000	-0.006125
1612	0.826196	0.000000	-0.007861
1613	0.819252	0.000000	-0.007234
1614	0.817033	0.000000	-0.010417
1615	0.814333	0.000000	-0.008488
1616	0.810957	0.000000	-0.009934
1617	0.819541	0.000000	-0.009597
1618	0.818191	0.000000	-0.007571
1619	0.823592	0.000000	-0.006318
1620	0.826485	0.000000	-0.005787
1621	0.832272	0.000000	-0.003376
1622	0.836516	0.000000	-0.002218
1623	0.843075	0.000000	-0.003569
1624	0.840664	0.000000	-0.005498
1625	0.841049	0.000000	-0.002990
1626	0.840760	0.000000	-0.003520
1627	0.837577	0.000000	0.000868
1628	0.830150	0.000000	-0.003569
1629	0.829090	0.000000	-0.002267
1630	0.824267	0.000000	-0.000193
1631	0.827643	0.000000	-0.001736
1632	0.824460	0.000000	-0.006655
1633	0.822242	0.000000	-0.005594
1634	0.822434	0.000000	-0.002845
1635	0.820505	0.000000	-0.000434
1636	0.820988	0.000000	0.006173
1637	0.818480	0.000000	0.004871
1638	0.826003	0.000000	0.003424
1639	0.833623	0.000000	0.001206
1640	0.833430	0.000000	0.000820
1641	0.836613	0.000000	-0.000289
1642	0.838445	0.000000	0.002218
1643	0.839988	0.000000	-0.000482
1644	0.838927	0.000000	-0.003279
1645	0.840181	0.000000	-0.000820
1646	0.833623	0.000000	-0.000627
1647	0.836323	0.000000	-0.002122
1648	0.836613	0.000000	0.002749
1649	0.836227	0.000000	0.000482
1650	0.828800	0.000000	-0.002942
1651	0.831790	0.000000	-0.006993
1652	0.834201	0.000000	-0.007089
1653	0.829765	0.000000	-0.007957
1654	0.835069	0.000000	-0.008343
1655	0.826775	0.000000	-0.006752
1656	0.828221	0.000000	-0.003762
1657	0.827836	0.000000	-0.006221
1658	0.829186	0.000000	-0.002122
1659	0.831501	0.000000	-0.002122
1660	0.832079	0.000000	0.003376
1661	0.827643	0.000000	0.003086
1662	0.834201	0.000000	0.000772
1663	0.838638	0.000000	0.003086
1664	0.837384	0.000000	0.002122
1665	0.844715	0.000000	0.004099
1666	0.847029	0.000000	-0.000579
1667	0.840760	0.000000	-0.000723
1668	0.839796	0.000000	-0.000868
1669	0.837191	0.000000	-0.001640
1670	0.831404	0.000000	0.003231
1671	0.839988	0.000000	0.002845
1672	0.832851	0.000000	0.001302
1673	0.832755	0.000000	0.002315
1674	0.830054	0.000000	-0.000868
1675	0.834008	0.000000	0.001109
1676	0.832176	0.000000	-0.000289
1677	0.834587	0.000000	-0.001254
1678	0.833719	0.000000	-0.000579
1679	0.828511	0.000000	-0.003713
1680	0.828607	0.000000	0.001157
1681	0.828704	0.000000	-0.000482
1682	0.831308	0.000000	-0.001977
1683	0.840085	0.000000	-0.000868
1684	0.840953	0.000000	-0.000193
1685	0.841435	0.000000	0.001447
1686	0.838542	0.000000	0.001736
1687	0.836516	0.000000	-0.000772
1688	0.835166	0.000000	0.002315
1689	0.828414	0.000000	0.000916
1690	0.836516	0.000000	-0.003810
1691	0.838831	0.000000	-0.005498
1692	0.840953	0.000000	-0.003231
1693	0.832272	0.000000	-0.002122
1694	0.836420	0.000000	-0.001688
1695	0.831790	0.000000	-0.001543
1696	0.832851	0.000000	-0.001977
1697	0.831790	0.000000	-0.000675
1698	0.829958	0.000000	-0.001206
1699	0.826775	0.000000	-0.000772
1700	0.827450	0.000000	-0.001399
1701	0.830150	0.000000	-0.003713
1702	0.824171	0.000000	-0.002122
1703	0.823302	0.000000	0.000193
1704	0.829572	0.000000	0.000241
1705	0.828125	0.000000	-0.000579
1706	0.825907	0.000000	-0.000820
1707	0.829572	0.000000	0.001447
1708	0.830150	0.000000	0.000145
1709	0.828414	0.000000	0.000482
1710	0.822242	0.000000	-0.004147
1711	0.820988	0.000000	-0.002411
1712	0.824460	0.000000	-0.004871
1713	0.835552	0.000000	-0.000675
1714	0.838638	0.000000	-0.003328
1715	0.839603	0.000000	-0.002845
1716	0.843846	0.000000	-0.001929
1717	0.842303	0.000000	0.003086
1718	0.835359	0.000000	0.000193
1719	0.833044	0.000000	0.000241
1720	0.832369	0.000000	0.002363
1721	0.829090	0.000000	0.002122
1722	0.835262	0.000000	0.010176
1723	0.834973	0.000000	0.006559
1724	0.825231	0.000000	0.005787
1725	0.824846	0.000000	0.001640
1726	0.820409	0.000000	-0.000096
1727	0.820023	0.000000	0.000145
1728	0.822917	0.000000	-0.001157
1729	0.819348	0.000000	0.004147
1730	0.819059	0.000000	0.002122
1731	0.820505	0.000000	0.001061
1732	0.817805	0.000000	0.004196
1733	0.816262	0.000000	0.002990
1734	0.815683	0.000000	0.001977
1735	0.821470	0.000000	0.003086
1736	0.819059	0.000000	0.004726
1737	0.818673	0.000000	-0.003376
1738	0.823013	0.000000	0.001013
1739	0.830150	0.000000	-0.000289
1740	0.823785	0.000000	-0.002556
1741	0.826582	0.000000	-0.000772
1742	0.831211	0.000000	-0.000096
1743	0.834491	0.000000	-0.003810
1744	0.827257	0.000000	-0.004437
1745	0.826389	0.000000	-0.005208
1746	0.822434	0.000000	-0.001977
1747	0.822917	0.000000	-0.008488
1748	0.824267	0.000000	-0.004003
1749	0.823399	0.000000	-0.005257
1750	0.820505	0.000000	-0.008632
1751	0.821663	0.000000	-0.008536
1752	0.824556	0.000000	-0.009886
1753	0.832465	0.000000	-0.011236
1754	0.831694	0.000000	-0.007475
1755	0.832658	0.000000	-0.002556
1756	0.838638	0.000000	-0.000048
1757	0.836709	0.000000	-0.000627
1758	0.833140	0.000000	0.002025
1759	0.832176	0.000000	-0.003279
1760	0.831790	0.000000	-0.002508
1761	0.827643	0.000000	-0.001350
1762	0.831019	0.000000	0.002025
1763	0.831404	0.000000	-0.001254
1764	0.829572	0.000000	-0.002267
1765	0.833623	0.000000	-0.008488
1766	0.832369	0.000000	-0.006703
1767	0.838445	0.000000	-0.005594
1768	0.840953	0.000000	-0.006366
1769	0.839506	0.000000	-0.005257
1770	0.837481	0.000000	-0.002508
1771	0.842303	0.000000	-0.004630
1772	0.842110	0.000000	-0.003858
1773	0.841725	0.000000	-0.002025
1774	0.840760	0.000000	-0.001495
1775	0.843075	0.000000	-0.003617
1776	0.838735	0.000000	-0.001109
1777	0.835262	0.000000	0.001929
1778	0.834394	0.000000	0.001157
1779	0.832948	0.000000	0.003954
1780	0.831983	0.000000	0.005257
1781	0.834780	0.000000	0.002604
1782	0.830922	0.000000	0.002508
1783	0.823688	0.000000	0.008777
1784	0.825714	0.000000	0.008295
1785	0.825328	0.000000	0.006752
1786	0.821181	0.000000	0.006944
1787	0.824267	0.000000	0.008343
1788	0.826389	0.000000	0.005980
1789	0.829186	0.000000	0.010995
1790	0.832851	0.000000	0.006848
1791	0.829475	0.000000	0.005932
1792	0.825521	0.000000	0.006028
1793	0.830343	0.000000	0.001929
1794	0.828800	0.000000	-0.000289
1795	0.835069	0.000000	0.001157
1796	0.830054	0.000000	-0.000386
1797	0.828125	0.000000	0.001929
1798	0.834973	0.000000	0.000241
1799	0.834684	0.000000	0.003183
1800	0.834298	0.000000	0.001543
1801	0.832465	0.000000	0.001061
1802	0.838252	0.000000	0.005883
1803	0.841435	0.000000	0.005401
1804	0.846836	0.000000	0.004003
1805	0.845679	0.000000	0.007957
1806	0.847415	0.000000	0.012780
1807	0.845775	0.000000	0.008536
1808	0.844715	0.000000	0.010899
1809	0.838059	0.000000	0.007716
1810	0.835938	0.000000	0.008729
1811	0.832948	0.000000	0.003762
1812	0.834491	0.000000	0.001929
1813	0.836998	0.000000	0.006318
1814	0.835262	0.000000	0.005739
1815	0.834298	0.000000	0.004196
1816	0.840567	0.000000	0.004533
1817	0.838831	0.000000	0.006510
1818	0.840471	0.000000	0.006125
1819	0.840181	0.000000	0.003328
1820	0.837963	0.000000	0.005064
1821	0.842593	0.000000	0.011671
1822	0.840374	0.000000	0.009018
1823	0.842014	0.000000	0.005015
1824	0.837384	0.000000	0.004485
1825	0.832562	0.000000	0.007282
1826	0.833623	0.000000	0.007571
1827	0.827932	0.000000	0.000868
1828	0.832851	0.000000	0.001543
1829	0.835069	0.000000	-0.000434
1830	0.833912	0.000000	0.000000
1831	0.825521	0.000000	0.004003
1832	0.833430	0.000000	0.004437
1833	0.834298	0.000000	0.004871
1834	0.829475	0.000000	0.005257
1835	0.829572	0.000000	0.008247
1836	0.823688	0.000000	0.008005
1837	0.828704	0.000000	0.009018
1838	0.835455	0.000000	0.005305
1839	0.838059	0.000000	0.006510
1840	0.831211	0.000000	0.004051
1841	0.827739	0.000000	0.007427
1842	0.831887	0.000000	0.003086
1843	0.825424	0.000000	0.003954
1844	0.822145	0.000000	0.003038
1845	0.830440	0.000000	0.003472
1846	0.833912	0.000000	0.004630
1847	0.831211	0.000000	0.004292
1848	0.837963	0.000000	0.000772
1849	0.836806	0.000000	0.001833
1850	0.830826	0.000000	0.000627
1851	0.824653	0.000000	0.000965
1852	0.823495	0.000000	-0.004437
1853	0.827932	0.000000	-0.004099
1854	0.829958	0.000000	-0.002218
1855	0.831404	0.000000	-0.003424
1856	0.827836	0.000000	-0.007957
1857	0.831019	0.000000	-0.012490
1858	0.825907	0.000000	-0.005835
1859	0.820216	0.000000	-0.010320
1860	0.819059	0.000000	-0.008922
1861	0.817226	0.000000	-0.006318
1862	0.819637	0.000000	-0.007571
1863	0.824749	0.000000	-0.008681
1864	0.823881	0.000000	-0.005449
1865	0.823206	0.000000	0.004196
1866	0.823688	0.000000	0.001013
1867	0.820795	0.000000	-0.002894
1868	0.826100	0.000000	-0.003279
1869	0.818769	0.000000	-0.002218
1870	0.818094	0.000000	-0.003424
1871	0.816165	0.000000	-0.006269
1872	0.814525	0.000000	-0.009307
1873	0.816744	0.000000	-0.009597
1874	0.818866	0.000000	-0.008247
1875	0.813368	0.000000	-0.005208
1876	0.821277	0.000000	-0.004147
1877	0.814236	0.000000	-0.006752
1878	0.810378	0.000000	-0.006510
1879	0.818191	0.000000	-0.005208
1880	0.817323	0.000000	-0.002315
1881	0.814622	0.000000	-0.001977
1882	0.818962	0.000000	0.000193
1883	0.821470	0.000000	0.001399
1884	0.825810	0.000000	-0.003665
1885	0.825521	0.000000	-0.003713
1886	0.826292	0.000000	-0.001833
1887	0.823302	0.000000	-0.003520
1888	0.830729	0.000000	-0.000627
1889	0.831887	0.000000	-0.000675
1890	0.826775	0.000000	0.000820
1891	0.828607	0.000000	0.002845
1892	0.830536	0.000000	0.001736
1893	0.830440	0.000000	0.007234
1894	0.826292	0.000000	0.005980
1895	0.832562	0.000000	0.006993
1896	0.828993	0.000000	0.002749
1897	0.825714	0.000000	0.005305
1898	0.829186	0.000000	0.002604
1899	0.835745	0.000000	0.002894
1900	0.838445	0.000000	0.002508
1901	0.834973	0.000000	0.001881
1902	0.830150	0.000000	0.002363
1903	0.827739	0.000000	-0.002074
1904	0.824556	0.000000	-0.002990
1905	0.827932	0.000000	0.000916
1906	0.833623	0.000000	-0.002122
1907	0.837095	0.000000	-0.002267
1908	0.839892	0.000000	0.000338
1909	0.843364	0.000000	-0.004196
1910	0.843364	0.000000	-0.000386
1911	0.838831	0.000000	0.005160
1912	0.841049	0.000000	0.007475
1913	0.832658	0.000000	0.004389
1914	0.833430	0.000000	0.006076
1915	0.828125	0.000000	0.003183
1916	0.833526	0.000000	0.000241
1917	0.834394	0.000000	-0.003424
1918	0.835262	0.000000	-0.004003
1919	0.840856	0.000000	-0.000338
1920	0.836323	0.000000	-0.001543
1921	0.838349	0.000000	-0.000482
1922	0.831404	0.000000	-0.001784
1923	0.827353	0.000000	-0.000675
1924	0.831983	0.000000	-0.003762
1925	0.829186	0.000000	-0.000820
1926	0.835841	0.000000	0.001157
1927	0.830922	0.000000	0.001688
1928	0.834780	0.000000	-0.003713
1929	0.832658	0.000000	0.004003
1930	0.823013	0.000000	0.001206
1931	0.825328	0.000000	0.005594
1932	0.825328	0.000000	0.004678
1933	0.824460	0.000000	0.005546
1934	0.825810	0.000000	0.004099
1935	0.823881	0.000000	0.001206
1936	0.822531	0.000000	0.004389
1937	0.823785	0.000000	0.007234
1938	0.823206	0.000000	0.004726
1939	0.826775	0.000000	0.013117
1940	0.827450	0.000000	0.008391
1941	0.823110	0.000000	0.008922
1942	0.824942	0.000000	0.008054
1943	0.817612	0.000000	0.005160
1944	0.818673	0.000000	0.002363
1945	0.820120	0.000000	0.003038
1946	0.820313	0.000000	0.005449
1947	0.819059	0.000000	0.006221
1948	0.829186	0.000000	0.007909
1949	0.834877	0.000000	-0.000193
1950	0.832658	0.000000	0.000434
1951	0.827836	0.000000	-0.000048
1952	0.828318	0.000000	0.002845
1953	0.828125	0.000000	0.002604
1954	0.833140	0.000000	-0.000289
1955	0.827643	0.000000	-0.001013
1956	0.822627	0.000000	0.000096
1957	0.823881	0.000000	-0.004533
1958	0.824846	0.000000	-0.002845
1959	0.826775	0.000000	-0.003954
1960	0.832465	0.000000	-0.005642
1961	0.834973	0.000000	-0.004485
1962	0.832755	0.000000	-0.003231
1963	0.834684	0.000000	-0.002074
1964	0.837963	0.000000	-0.003183
1965	0.831019	0.000000	0.004774
1966	0.834298	0.000000	0.003183
1967	0.831404	0.000000	0.000241
1968	0.832851	0.000000	-0.000145
1969	0.828704	0.000000	0.004196
1970	0.836323	0.000000	0.004533
1971	0.835841	0.000000	0.002749
1972	0.843943	0.000000	0.000916
1973	0.846547	0.000000	0.000530
1974	0.846354	0.000000	-0.001784
1975	0.843943	0.000000	-0.003713
1976	0.839506	0.000000	-0.000048
1977	0.833623	0.000000	-0.000048
1978	0.831983	0.000000	0.001157
1979	0.822627	0.000000	0.001206
1980	0.827546	0.000000	0.000096
1981	0.825521	0.000000	-0.003520
1982	0.830922	0.000000	-0.003520
1983	0.830826	0.000000	-0.004823
1984	0.833526	0.000000	-0.005305
1985	0.834491	0.000000	-0.005449
1986	0.840374	0.000000	-0.003762
1987	0.842593	0.000000	-0.006703
1988	0.838638	0.000000	-0.006221
1989	0.838156	0.000000	-0.004340
1990	0.836420	0.000000	-0.002074
1991	0.838059	0.000000	-0.002701
1992	0.829958	0.000000	0.001736
1993	0.830826	0.000000	0.001350
1994	0.828897	0.000000	-0.000675
1995	0.833044	0.000000	0.004099
1996	0.828993	0.000000	0.001784
1997	0.827160	0.000000	0.003858
1998	0.821759	0.000000	0.006173
1999	0.818383	0.000000	0.006318
2000	0.823495	0.000000	0.002363
2001	0.823688	0.000000	0.004437
2002	0.821084	0.000000	0.002170
2003	0.820988	0.000000	0.001447
2004	0.819252	0.000000	0.002797
2005	0.819155	0.000000	0.005642
2006	0.819830	0.000000	0.006848
2007	0.827450	0.000000	0.003665
2008	0.830247	0.000000	0.009452
2009	0.831211	0.000000	0.009115
2010	0.832369	0.000000	0.007523
2011	0.829861	0.000000	0.010465
2012	0.827450	0.000000	0.003328
2013	0.824074	0.000000	0.006269
2014	0.823688	0.000000	0.002990
2015	0.823688	0.000000	0.004389
2016	0.826678	0.000000	0.001833
2017	0.829379	0.000000	0.005208
2018	0.837674	0.000000	0.003810
2019	0.842400	0.000000	0.001591
2020	0.839024	0.000000	0.001929
2021	0.838252	0.000000	0.001833
2022	0.831404	0.000000	0.002556
2023	0.840374	0.000000	0.005353
2024	0.837191	0.000000	0.002315
2025	0.834587	0.000000	0.005401
2026	0.832465	0.000000	0.010127
2027	0.828800	0.000000	0.011092
2028	0.823881	0.000000	0.013262
2029	0.821084	0.000000	0.012490
2030	0.822627	0.000000	0.014419
2031	0.820216	0.000000	0.013358
2032	0.827739	0.000000	0.016541
2033	0.827257	0.000000	0.016059
2034	0.834298	0.000000	0.016831
2035	0.837384	0.000000	0.008584
2036	0.827064	0.000000	0.003617
2037	0.826871	0.000000	0.005160
2038	0.827064	0.000000	0.008681
2039	0.823785	0.000000	0.006366
2040	0.834105	0.000000	0.012008
2041	0.831404	0.000000	0.009549
2042	0.832658	0.000000	0.007861
2043	0.838059	0.000000	0.005980
2044	0.841339	0.000000	0.009693
2045	0.844522	0.000000	0.008536
2046	0.839120	0.000000	0.007427
2047	0.838927	0.000000	0.004774
2048	0.836034	0.000000	0.001929
2049	0.840567	0.000000	0.002894
2050	0.838542	0.000000	0.000000
2051	0.835648	0.000000	-0.000530
2052	0.837770	0.000000	-0.000723
2053	0.834877	0.000000	0.001929
2054	0.838542	0.000000	-0.001302
2055	0.830729	0.000000	-0.002604
2056	0.827450	0.000000	-0.001109
2057	0.822145	0.000000	-0.000820
2058	0.823785	0.000000	-0.000579
2059	0.829379	0.000000	-0.000868
2060	0.827353	0.000000	0.001447
2061	0.827643	0.000000	0.004919
2062	0.822724	0.000000	0.005401
2063	0.831694	0.000000	0.004389
2064	0.831597	0.000000	0.004340
2065	0.828897	0.000000	0.002845
2066	0.832658	0.000000	0.001977
2067	0.828800	0.000000	-0.001254
2068	0.829379	0.000000	-0.001543
2069	0.830633	0.000000	-0.002701
2070	0.832465	0.000000	-0.005546
2071	0.838831	0.000000	-0.004533
2072	0.838927	0.000000	-0.001447
2073	0.830826	0.000000	-0.001350
2074	0.825810	0.000000	0.001157
2075	0.823206	0.000000	0.001061
2076	0.828704	0.000000	0.001833
2077	0.828800	0.000000	-0.000723
2078	0.831501	0.000000	-0.003328
2079	0.834877	0.000000	0.001543
2080	0.831790	0.000000	-0.001736
2081	0.825521	0.000000	-0.004389
